41800	82650
41966.6667	82533.3333
41983.3333	82933.3333
42033.3333	82750
42033.3333	82916.6667
42050	82583.3333
42100	82450
42100	83100
42133.3333	82750
42150	82966.6667
42166.6667	82816.6667
42233.3333	82550
42250	81916.6667
42250	82433.3333
42283.3333	83066.6667
42300	82716.6667
42300	83066.6667
42316.6667	82850
42316.6667	82900
42316.6667	82983.3333
42316.6667	83000
42333.3333	82000
42333.3333	82950
42333.3333	83033.3333
42400	82183.3333
42433.3333	81883.3333
42550	81966.6667
42566.6667	81683.3333
42583.3333	82166.6667
42583.3333	82366.6667
42600	81600
42633.3333	80450
42650	80816.6667
42666.6667	81216.6667
42700	81083.3333
42716.6667	81300
42716.6667	82483.3333
42750	81700
42783.3333	80200
42783.3333	80983.3333
42783.3333	81183.3333
42800	80066.6667
42816.6667	81433.3333
42816.6667	82466.6667
42833.3333	80300
42850	80500
42850	82466.6667
42866.6667	79566.6667
42866.6667	80733.3333
42883.3333	79233.3333
42883.3333	82150
42900	78933.3333
42900	79616.6667
42933.3333	80283.3333
42950	80050
42950	81616.6667
42950	81883.3333
42950	82116.6667
42966.6667	79750
42966.6667	82400
42983.3333	79250
42983.3333	80600
42983.3333	81250
43000	82400
43033.3333	79283.3333
43033.3333	80883.3333
43033.3333	81466.6667
43066.6667	79950
43083.3333	79050
43100	79050
43100	79533.3333
43100	80233.3333
43100	82000
43116.6667	79200
43116.6667	81433.3333
43133.3333	79100
43133.3333	80266.6667
43133.3333	80750
43150	79500
43166.6667	79050
43166.6667	79233.3333
43166.6667	79466.6667
43166.6667	81683.3333
43166.6667	81850
43183.3333	81400
43200	79266.6667
43200	79550
43200	80383.3333
43216.6667	79216.6667
43216.6667	79750
43233.3333	80550
43250	79066.6667
43250	79833.3333
43250	81133.3333
43266.6667	79933.3333
43283.3333	80450
43283.3333	81250
43283.3333	81466.6667
43300	81550
43316.6667	79800
43316.6667	80833.3333
43316.6667	81750
43333.3333	79883.3333
43333.3333	80916.6667
43333.3333	81050
43350	80300
43350	81483.3333
43366.6667	80983.3333
43383.3333	80316.6667
43383.3333	80716.6667
43400	80350
43400	80666.6667
43433.3333	79666.6667
43433.3333	80316.6667
43433.3333	81500
43450	65633.3333
43450	80500
43466.6667	80533.3333
43466.6667	81183.3333
43483.3333	80483.3333
43516.6667	65600
43516.6667	65733.3333
43516.6667	79616.6667
43516.6667	79883.3333
43516.6667	81166.6667
43533.3333	79650
43550	79583.3333
43550	80250
43550	81383.3333
43566.6667	65566.6667
43566.6667	80933.3333
43566.6667	81700
43583.3333	79533.3333
43583.3333	79716.6667
43600	65466.6667
43600	79500
43600	80550
43600	81533.3333
43616.6667	80583.3333
43633.3333	65350
43633.3333	65483.3333
43633.3333	79466.6667
43633.3333	80033.3333
43650	79933.3333
43666.6667	79416.6667
43683.3333	79766.6667
43683.3333	80433.3333
43700	65116.6667
43700	65783.3333
43700	79366.6667
43700	79416.6667
43700	79500
43700	79566.6667
43700	79633.3333
43700	80366.6667
43716.6667	79250
43716.6667	79483.3333
43716.6667	79566.6667
43733.3333	65966.6667
43733.3333	79250
43733.3333	79333.3333
43733.3333	80966.6667
43733.3333	81700
43750	66116.6667
43750	79200
43750	79416.6667
43766.6667	65316.6667
43766.6667	80066.6667
43783.3333	79250
43783.3333	79266.6667
43783.3333	79416.6667
43783.3333	79600
43783.3333	79933.3333
43800	65850
43800	79416.6667
43833.3333	65066.6667
43833.3333	66116.6667
43833.3333	80533.3333
43833.3333	80850
43850	65966.6667
43850	66150
43850	79016.6667
43866.6667	78933.3333
43866.6667	79033.3333
43866.6667	79266.6667
43866.6667	79433.3333
43866.6667	79866.6667
43866.6667	80000
43883.3333	66083.3333
43883.3333	79733.3333
43883.3333	81300
43900	78683.3333
43900	78866.6667
43900	80316.6667
43916.6667	78583.3333
43916.6667	80083.3333
43916.6667	80883.3333
43933.3333	64850
43933.3333	79533.3333
43933.3333	81250
43950	64816.6667
43950	77350
43950	78300
43950	81516.6667
43966.6667	66133.3333
43966.6667	78166.6667
43966.6667	79250
43966.6667	80733.3333
43983.3333	66016.6667
43983.3333	81283.3333
44000	77233.3333
44000	79466.6667
44016.6667	77150
44016.6667	77883.3333
44016.6667	78716.6667
44016.6667	78966.6667
44016.6667	79800
44033.3333	64716.6667
44033.3333	77733.3333
44033.3333	81116.6667
44050	64750
44050	66166.6667
44050	76933.3333
44050	78800
44050	79450
44050	80933.3333
44066.6667	78366.6667
44066.6667	80200
44066.6667	81583.3333
44083.3333	66033.3333
44083.3333	77366.6667
44083.3333	81133.3333
44100	77583.3333
44100	78633.3333
44100	78933.3333
44100	79116.6667
44116.6667	79566.6667
44133.3333	64650
44133.3333	78183.3333
44133.3333	78666.6667
44133.3333	81150
44150	76766.6667
44150	78450
44150	79866.6667
44150	81033.3333
44166.6667	77383.3333
44166.6667	80383.3333
44166.6667	81633.3333
44183.3333	66150
44183.3333	76766.6667
44183.3333	78566.6667
44183.3333	80816.6667
44200	76750
44200	77033.3333
44200	77600
44200	81233.3333
44216.6667	76533.3333
44216.6667	76866.6667
44216.6667	77366.6667
44233.3333	64450
44233.3333	76483.3333
44233.3333	76616.6667
44233.3333	77033.3333
44233.3333	79050
44250	64550
44250	76950
44250	77816.6667
44250	78166.6667
44250	79466.6667
44250	79583.3333
44250	80550
44266.6667	64600
44266.6667	66316.6667
44266.6667	66350
44266.6667	79550
44266.6667	79883.3333
44283.3333	64366.6667
44283.3333	79916.6667
44300	64366.6667
44300	76566.6667
44300	77550
44300	77600
44300	77800
44300	77950
44300	78333.3333
44300	78550
44300	79366.6667
44300	81100
44300	81283.3333
44316.6667	64416.6667
44316.6667	79200
44316.6667	79883.3333
44316.6667	80100
44316.6667	80533.3333
44316.6667	80650
44333.3333	66116.6667
44333.3333	76166.6667
44333.3333	76333.3333
44333.3333	76866.6667
44350	64250
44350	78733.3333
44350	79033.3333
44350	79783.3333
44366.6667	64316.6667
44366.6667	64516.6667
44366.6667	65033.3333
44366.6667	75933.3333
44366.6667	76516.6667
44366.6667	76766.6667
44383.3333	64966.6667
44383.3333	66216.6667
44383.3333	77016.6667
44383.3333	77983.3333
44383.3333	78200
44383.3333	79700
44416.6667	65983.3333
44416.6667	79000
44416.6667	80083.3333
44433.3333	64366.6667
44433.3333	75950
44433.3333	77450
44433.3333	77616.6667
44433.3333	77883.3333
44433.3333	78266.6667
44433.3333	79150
44433.3333	81383.3333
44450	64850
44450	78633.3333
44450	79733.3333
44450	80883.3333
44466.6667	63600
44466.6667	63716.6667
44466.6667	63800
44466.6667	76883.3333
44466.6667	76983.3333
44466.6667	77300
44483.3333	76683.3333
44483.3333	77683.3333
44500	79466.6667
44500	80216.6667
44500	81366.6667
44516.6667	77216.6667
44516.6667	77483.3333
44516.6667	77616.6667
44516.6667	79616.6667
44533.3333	64233.3333
44533.3333	66016.6667
44533.3333	77783.3333
44533.3333	78550
44533.3333	78750
44533.3333	81166.6667
44550	64716.6667
44550	77333.3333
44550	78333.3333
44550	79183.3333
44550	80450
44566.6667	65633.3333
44566.6667	80800
44566.6667	80850
44583.3333	64066.6667
44583.3333	75683.3333
44583.3333	79866.6667
44600	65750
44600	78933.3333
44600	79366.6667
44600	79416.6667
44600	80583.3333
44600	81133.3333
44616.6667	63483.3333
44633.3333	63350
44633.3333	64050
44633.3333	64850
44633.3333	65650
44633.3333	75850
44633.3333	77283.3333
44633.3333	80950
44650	63266.6667
44650	63550
44650	63600
44650	65633.3333
44650	66850
44650	75650
44650	76250
44650	76316.6667
44650	76716.6667
44650	77116.6667
44650	77550
44650	79033.3333
44650	79266.6667
44666.6667	63566.6667
44666.6667	63950
44666.6667	76683.3333
44666.6667	77333.3333
44666.6667	78800
44683.3333	75966.6667
44683.3333	76400
44683.3333	79883.3333
44700	63883.3333
44716.6667	63233.3333
44716.6667	64800
44716.6667	65216.6667
44716.6667	75516.6667
44716.6667	78933.3333
44716.6667	79816.6667
44728.8889	63664.4444
44733.3333	64450
44733.3333	64700
44733.3333	65516.6667
44733.3333	76850
44733.3333	81133.3333
44750	65516.6667
44750	78083.3333
44750	79333.3333
44750	79700
44750	79766.6667
44750	79816.6667
44750	79900
44766.6667	66750
44766.6667	76683.3333
44766.6667	79333.3333
44766.6667	79933.3333
44783.3333	63150
44783.3333	75366.6667
44783.3333	78650
44800	62700
44800	65050
44800	79716.6667
44816.6667	65516.6667
44816.6667	77616.6667
44850	65150
44850	75316.6667
44850	77833.3333
44850	79500
44883.3333	63833.3333
44883.3333	65166.6667
44883.3333	66950
44883.3333	76233.3333
44900	62416.6667
44900	75183.3333
44900	76016.6667
44900	78383.3333
44916.6667	62383.3333
44916.6667	63233.3333
44916.6667	75833.3333
44916.6667	79366.6667
44933.3333	62533.3333
44933.3333	76683.3333
44933.3333	78733.3333
44950	65066.6667
44950	65266.6667
44950	75066.6667
44966.6667	62116.6667
44966.6667	62250
44966.6667	63516.6667
44966.6667	63966.6667
44983.3333	64133.3333
44983.3333	64900
44983.3333	77733.3333
44983.3333	79566.6667
44983.3333	81250
45000	66933.3333
45000	72100
45000	75000
45000	79300
45016.6667	65166.6667
45016.6667	72083.3333
45016.6667	72150
45016.6667	74366.6667
45016.6667	74400
45016.6667	74733.3333
45016.6667	75633.3333
45016.6667	76833.3333
45016.6667	79616.6667
45033.3333	62000
45033.3333	64733.3333
45033.3333	64833.3333
45033.3333	65066.6667
45033.3333	74900
45033.3333	76700
45033.3333	78216.6667
45033.3333	78516.6667
45033.3333	79300
45050	63133.3333
45050	66900
45050	73600
45050	77850
45050	78800
45050	79400
45066.6667	61900
45066.6667	63950
45066.6667	64183.3333
45066.6667	64500
45066.6667	64633.3333
45066.6667	64800
45066.6667	67033.3333
45066.6667	78083.3333
45066.6667	78900
45083.3333	63400
45083.3333	64366.6667
45083.3333	64400
45083.3333	66416.6667
45083.3333	73366.6667
45083.3333	74183.3333
45100	64250
45100	64933.3333
45100	72616.6667
45100	73750
45100	75216.6667
45100	75350
45116.6667	62016.6667
45116.6667	64533.3333
45116.6667	66683.3333
45116.6667	72983.3333
45116.6667	77866.6667
45133.3333	61983.3333
45133.3333	62950
45133.3333	63350
45133.3333	66583.3333
45133.3333	66816.6667
45133.3333	71800
45133.3333	73283.3333
45133.3333	74000
45133.3333	74350
45133.3333	74483.3333
45133.3333	74500
45133.3333	75083.3333
45133.3333	76133.3333
45133.3333	79766.6667
45150	64166.6667
45150	77250
45166.6667	64366.6667
45166.6667	67300
45166.6667	72033.3333
45166.6667	74133.3333
45166.6667	81333.3333
45183.3333	61650
45183.3333	61666.6667
45183.3333	63716.6667
45183.3333	63883.3333
45183.3333	64450
45183.3333	66333.3333
45183.3333	73400
45183.3333	73850
45183.3333	75833.3333
45200	64116.6667
45200	64616.6667
45200	67266.6667
45200	71500
45200	72750
45200	73866.6667
45216.6667	61366.6667
45216.6667	61733.3333
45216.6667	64016.6667
45216.6667	67133.3333
45216.6667	72516.6667
45216.6667	73300
45216.6667	76200
45216.6667	77400
45216.6667	79333.3333
45233.3333	61200
45233.3333	73800
45233.3333	74250
45233.3333	77933.3333
45233.3333	78883.3333
45250	62016.6667
45250	63283.3333
45250	63466.6667
45250	66100
45250	73600
45250	74133.3333
45250	75916.6667
45250	77116.6667
45250	81666.6667
45266.6667	62066.6667
45266.6667	63866.6667
45266.6667	66066.6667
45266.6667	71516.6667
45266.6667	72150
45266.6667	74233.3333
45283.3333	67266.6667
45283.3333	71883.3333
45283.3333	72116.6667
45283.3333	72966.6667
45283.3333	74050
45283.3333	74233.3333
45283.3333	74850
45300	64400
45300	66200
45300	72266.6667
45300	72316.6667
45300	73250
45300	74633.3333
45300	75083.3333
45300	75883.3333
45300	76716.6667
45300	78033.3333
45300	79933.3333
45316.6667	63516.6667
45316.6667	63783.3333
45316.6667	67200
45316.6667	73233.3333
45316.6667	73850
45316.6667	73866.6667
45316.6667	73933.3333
45316.6667	74050
45316.6667	80083.3333
45333.3333	64766.6667
45333.3333	64783.3333
45333.3333	73816.6667
45333.3333	75250
45333.3333	75600
45333.3333	75683.3333
45333.3333	75900
45333.3333	76283.3333
45333.3333	79216.6667
45333.3333	80033.3333
45350	61000
45350	61250
45350	64716.6667
45350	64816.6667
45350	65533.3333
45350	66233.3333
45350	72516.6667
45350	73466.6667
45350	74500
45350	75933.3333
45350	76033.3333
45366.6667	63300
45366.6667	71866.6667
45366.6667	73550
45366.6667	73750
45366.6667	73983.3333
45366.6667	75800
45366.6667	75883.3333
45366.6667	76483.3333
45366.6667	76983.3333
45366.6667	77616.6667
45383.3333	61983.3333
45383.3333	63916.6667
45383.3333	66000
45383.3333	70866.6667
45383.3333	72733.3333
45383.3333	73516.6667
45383.3333	73750
45383.3333	74016.6667
45383.3333	75800
45383.3333	79783.3333
45400	61500
45400	62183.3333
45400	62500
45400	63700
45400	64316.6667
45400	71900
45400	72033.3333
45400	73000
45400	73583.3333
45400	73916.6667
45400	73933.3333
45400	74033.3333
45400	75850
45400	78083.3333
45416.6667	63033.3333
45416.6667	63383.3333
45416.6667	63600
45416.6667	64033.3333
45416.6667	64550
45416.6667	67183.3333
45416.6667	71616.6667
45416.6667	72583.3333
45416.6667	73500
45416.6667	73650
45416.6667	73666.6667
45416.6667	73683.3333
45416.6667	75700
45416.6667	80100
45433.3333	63466.6667
45433.3333	63516.6667
45433.3333	72883.3333
45433.3333	73166.6667
45433.3333	73650
45433.3333	73750
45433.3333	73833.3333
45433.3333	73966.6667
45433.3333	75650
45433.3333	75733.3333
45433.3333	76366.6667
45450	66350
45450	71766.6667
45450	73266.6667
45450	73300
45450	73483.3333
45450	73566.6667
45450	73583.3333
45450	73650
45450	73666.6667
45450	73750
45450	73850
45450	74116.6667
45450	74150
45450	74166.6667
45450	75066.6667
45450	75250
45450	75683.3333
45450	77316.6667
45450	79250
45466.6667	62700
45466.6667	63600
45466.6667	64783.3333
45466.6667	65883.3333
45466.6667	70850
45466.6667	71933.3333
45466.6667	73466.6667
45466.6667	73883.3333
45466.6667	74083.3333
45466.6667	74300
45466.6667	75516.6667
45466.6667	75700
45466.6667	76400
45466.6667	76683.3333
45483.3333	61033.3333
45483.3333	71666.6667
45483.3333	72316.6667
45483.3333	72600
45483.3333	73500
45483.3333	73600
45483.3333	73866.6667
45483.3333	73900
45483.3333	75600
45483.3333	75650
45483.3333	77683.3333
45483.3333	79466.6667
45500	72900
45500	73483.3333
45500	73500
45500	73583.3333
45500	73816.6667
45500	73966.6667
45500	74033.3333
45500	75816.6667
45500	78000
45500	78233.3333
45516.6667	61016.6667
45516.6667	64333.3333
45516.6667	73616.6667
45516.6667	73650
45516.6667	73666.6667
45516.6667	74650
45516.6667	75866.6667
45516.6667	76000
45516.6667	76233.3333
45516.6667	76416.6667
45516.6667	79300
45516.6667	80283.3333
45533.3333	65833.3333
45533.3333	71283.3333
45533.3333	73166.6667
45533.3333	73216.6667
45533.3333	73350
45533.3333	73483.3333
45533.3333	73516.6667
45533.3333	73700
45533.3333	73716.6667
45533.3333	73816.6667
45533.3333	73883.3333
45533.3333	75283.3333
45533.3333	77100
45533.3333	79316.6667
45550	62716.6667
45550	63550
45550	73233.3333
45550	73666.6667
45550	73700
45550	73733.3333
45550	73866.6667
45550	74866.6667
45550	75416.6667
45550	77416.6667
45550	78600
45550	82016.6667
45566.6667	62650
45566.6667	63000
45566.6667	73200
45566.6667	73616.6667
45566.6667	73650
45566.6667	73850
45566.6667	73900
45566.6667	76766.6667
45583.3333	60966.6667
45583.3333	62183.3333
45583.3333	62633.3333
45583.3333	67333.3333
45583.3333	70883.3333
45583.3333	72000
45583.3333	73516.6667
45583.3333	73600
45583.3333	75233.3333
45583.3333	75416.6667
45583.3333	77250
45600	61350
45600	61366.6667
45600	64950
45600	73533.3333
45600	73616.6667
45600	73733.3333
45600	76483.3333
45600	79100
45600	80366.6667
45616.6667	61233.3333
45616.6667	61400
45616.6667	61650
45616.6667	61966.6667
45616.6667	62416.6667
45616.6667	62616.6667
45616.6667	63666.6667
45616.6667	64783.3333
45616.6667	66083.3333
45616.6667	71616.6667
45616.6667	72950
45616.6667	73650
45616.6667	73750
45616.6667	73783.3333
45616.6667	74600
45616.6667	74683.3333
45616.6667	75016.6667
45616.6667	76883.3333
45616.6667	78400
45616.6667	79416.6667
45633.3333	60666.6667
45633.3333	61400
45633.3333	64050
45633.3333	66583.3333
45633.3333	72566.6667
45633.3333	72933.3333
45633.3333	73516.6667
45633.3333	73816.6667
45633.3333	73850
45633.3333	74366.6667
45633.3333	74600
45633.3333	75933.3333
45633.3333	78816.6667
45633.3333	80083.3333
45650	60866.6667
45650	61233.3333
45650	61516.6667
45650	62850
45650	72900
45650	73483.3333
45650	73766.6667
45650	74100
45650	74333.3333
45650	74933.3333
45650	76033.3333
45650	81983.3333
45666.6667	62700
45666.6667	66616.6667
45666.6667	72150
45666.6667	73566.6667
45666.6667	79633.3333
45683.3333	61433.3333
45683.3333	63550
45683.3333	64216.6667
45683.3333	64383.3333
45683.3333	66100
45683.3333	66916.6667
45683.3333	67183.3333
45683.3333	73183.3333
45683.3333	73433.3333
45683.3333	73633.3333
45683.3333	74400
45683.3333	76616.6667
45700	60733.3333
45700	61483.3333
45700	62266.6667
45700	64433.3333
45700	71450
45700	73783.3333
45716.6667	60250
45716.6667	61166.6667
45716.6667	61250
45716.6667	63283.3333
45716.6667	64250
45716.6667	65516.6667
45716.6667	67000
45716.6667	73483.3333
45716.6667	75050
45733.3333	63050
45733.3333	63866.6667
45733.3333	64216.6667
45733.3333	73450
45733.3333	76600
45733.3333	76850
45733.3333	81800
45750	62733.3333
45750	64716.6667
45750	70700
45750	73483.3333
45766.6667	66150
45766.6667	71416.6667
45766.6667	72983.3333
45766.6667	73350
45766.6667	73983.3333
45766.6667	74000
45766.6667	75583.3333
45766.6667	79400
45766.6667	80550
45783.3333	63633.3333
45783.3333	71933.3333
45783.3333	72016.6667
45783.3333	73150
45783.3333	75100
45783.3333	80533.3333
45800	61483.3333
45800	63466.6667
45800	65116.6667
45800	71900
45800	74016.6667
45800	75950
45816.6667	73433.3333
45816.6667	77116.6667
45816.6667	82583.3333
45833.3333	60133.3333
45833.3333	63583.3333
45833.3333	64200
45833.3333	71383.3333
45833.3333	71666.6667
45833.3333	72566.6667
45850	63650
45850	66466.6667
45850	70650
45850	73233.3333
45850	73483.3333
45850	73766.6667
45850	76750
45850	79366.6667
45866.6667	61966.6667
45866.6667	65816.6667
45866.6667	74083.3333
45883.3333	61500
45883.3333	64350
45883.3333	66300
45883.3333	66900
45883.3333	67466.6667
45883.3333	72483.3333
45883.3333	72766.6667
45883.3333	73150
45883.3333	73283.3333
45883.3333	80533.3333
45883.3333	80733.3333
45900	61100
45900	71350
45900	71650
45900	72516.6667
45900	74166.6667
45900	77283.3333
45900	82250
45900	82833.3333
45916.6667	59983.3333
45916.6667	64650
45916.6667	67033.3333
45916.6667	76916.6667
45916.6667	79983.3333
45916.6667	82466.6667
45916.6667	83116.6667
45933.3333	60000
45933.3333	61016.6667
45933.3333	65166.6667
45933.3333	72433.3333
45950	60783.3333
45950	60900
45950	64683.3333
45950	66633.3333
45950	71983.3333
45950	73583.3333
45950	74150
45950	75950
45950	79600
45966.6667	60816.6667
45966.6667	61116.6667
45966.6667	62566.6667
45966.6667	66583.3333
45966.6667	66633.3333
45966.6667	67233.3333
45966.6667	70950
45966.6667	71816.6667
45966.6667	72383.3333
45966.6667	73216.6667
45966.6667	73466.6667
45966.6667	73716.6667
45966.6667	81933.3333
45983.3333	60983.3333
45983.3333	66200
45983.3333	67600
45983.3333	79366.6667
45983.3333	80716.6667
46000	59850
46000	64550
46000	65316.6667
46000	67466.6667
46000	72916.6667
46016.6667	60650
46016.6667	62483.3333
46016.6667	62533.3333
46016.6667	62883.3333
46016.6667	66833.3333
46016.6667	73166.6667
46016.6667	74766.6667
46016.6667	77450
46033.3333	59983.3333
46033.3333	61533.3333
46033.3333	65050
46033.3333	65866.6667
46033.3333	71366.6667
46033.3333	71916.6667
46033.3333	73133.3333
46033.3333	73433.3333
46033.3333	73700
46033.3333	74033.3333
46033.3333	74066.6667
46033.3333	74200
46033.3333	74283.3333
46033.3333	78466.6667
46033.3333	80600
46050	64100
46050	65550
46050	70516.6667
46050	71966.6667
46050	73116.6667
46050	81783.3333
46066.6667	61366.6667
46066.6667	62816.6667
46066.6667	67683.3333
46066.6667	72800
46066.6667	72833.3333
46066.6667	79116.6667
46066.6667	79350
46083.3333	59933.3333
46083.3333	61416.6667
46083.3333	64766.6667
46083.3333	66050
46083.3333	71300
46083.3333	73166.6667
46083.3333	75616.6667
46083.3333	76050
46083.3333	78883.3333
46100	60500
46100	60750
46100	63933.3333
46100	64666.6667
46100	64750
46100	77500
46100	81716.6667
46116.6667	60216.6667
46116.6667	60233.3333
46116.6667	63783.3333
46116.6667	64950
46116.6667	67150
46116.6667	70666.6667
46116.6667	70683.3333
46116.6667	74583.3333
46133.3333	59883.3333
46133.3333	66600
46133.3333	67183.3333
46133.3333	70366.6667
46133.3333	71216.6667
46133.3333	74183.3333
46133.3333	77700
46133.3333	80433.3333
46150	60166.6667
46150	60283.3333
46150	64183.3333
46150	67566.6667
46166.6667	60233.3333
46166.6667	62650
46166.6667	62916.6667
46166.6667	64566.6667
46166.6667	65883.3333
46166.6667	71883.3333
46166.6667	72233.3333
46166.6667	73416.6667
46166.6667	77566.6667
46166.6667	80700
46183.3333	59866.6667
46183.3333	61266.6667
46183.3333	62533.3333
46183.3333	62883.3333
46183.3333	72500
46183.3333	73116.6667
46183.3333	82333.3333
46183.3333	82950
46200	59966.6667
46200	60250
46200	62833.3333
46200	70483.3333
46200	70766.6667
46200	74633.3333
46200	82083.3333
46200	82666.6667
46200	83150
46216.6667	60016.6667
46216.6667	63466.6667
46216.6667	63483.3333
46216.6667	64533.3333
46216.6667	71083.3333
46216.6667	71383.3333
46216.6667	71766.6667
46216.6667	72433.3333
46216.6667	72600
46216.6667	73016.6667
46216.6667	73533.3333
46216.6667	77883.3333
46216.6667	78066.6667
46216.6667	79366.6667
46233.3333	60216.6667
46233.3333	60283.3333
46233.3333	61283.3333
46233.3333	62616.6667
46233.3333	63133.3333
46233.3333	64533.3333
46233.3333	66616.6667
46233.3333	76016.6667
46233.3333	80866.6667
46233.3333	83333.3333
46250	60083.3333
46250	60616.6667
46250	63116.6667
46250	63666.6667
46250	63700
46250	65066.6667
46250	67683.3333
46250	71516.6667
46250	72933.3333
46250	73083.3333
46250	78283.3333
46250	81766.6667
46250	83550
46250	83883.3333
46266.6667	66633.3333
46266.6667	71000
46266.6667	79033.3333
46266.6667	81883.3333
46283.3333	63133.3333
46283.3333	66733.3333
46283.3333	72683.3333
46283.3333	72833.3333
46283.3333	73366.6667
46283.3333	74733.3333
46283.3333	83783.3333
46283.3333	84033.3333
46300	60616.6667
46300	62783.3333
46300	63216.6667
46300	64716.6667
46300	67516.6667
46300	70866.6667
46300	72266.6667
46300	79450
46300	80800
46316.6667	72516.6667
46316.6667	73650
46316.6667	74216.6667
46316.6667	78700
46333.3333	72433.3333
46333.3333	78833.3333
46333.3333	79416.6667
46333.3333	83933.3333
46350	62250
46350	62966.6667
46350	63350
46350	72550
46350	80416.6667
46366.6667	60516.6667
46366.6667	62866.6667
46366.6667	63550
46366.6667	64750
46366.6667	66566.6667
46366.6667	70916.6667
46366.6667	71233.3333
46366.6667	71616.6667
46366.6667	72016.6667
46366.6667	72500
46366.6667	74766.6667
46366.6667	74883.3333
46366.6667	75966.6667
46366.6667	79933.3333
46366.6667	81316.6667
46366.6667	81516.6667
46383.3333	61066.6667
46383.3333	71883.3333
46383.3333	75016.6667
46383.3333	80816.6667
46383.3333	82650
46400	61150
46400	63783.3333
46400	66916.6667
46400	67483.3333
46400	70500
46400	74866.6667
46400	80116.6667
46400	81166.6667
46416.6667	62266.6667
46416.6667	62433.3333
46416.6667	62566.6667
46416.6667	62700
46416.6667	63300
46416.6667	63816.6667
46416.6667	71933.3333
46416.6667	75366.6667
46433.3333	61100
46433.3333	62066.6667
46433.3333	63650
46433.3333	63866.6667
46433.3333	64000
46433.3333	67716.6667
46433.3333	71016.6667
46433.3333	72350
46433.3333	80300
46433.3333	81150
46450	63450
46450	66400
46450	79883.3333
46450	81166.6667
46466.6667	64733.3333
46466.6667	65250
46466.6667	67566.6667
46466.6667	71516.6667
46466.6667	72533.3333
46466.6667	81066.6667
46483.3333	67416.6667
46483.3333	70200
46483.3333	70616.6667
46483.3333	72033.3333
46483.3333	72666.6667
46483.3333	80533.3333
46483.3333	80850
46483.3333	84066.6667
46500	72250
46500	80966.6667
46500	84333.3333
46516.6667	66266.6667
46516.6667	71066.6667
46516.6667	72750
46516.6667	75350
46516.6667	80033.3333
46533.3333	63683.3333
46533.3333	64050
46533.3333	67166.6667
46533.3333	70766.6667
46533.3333	72350
46533.3333	72750
46533.3333	76033.3333
46550	61033.3333
46550	66116.6667
46550	72100
46550	72116.6667
46550	72466.6667
46550	72733.3333
46550	75500
46550	84150
46566.6667	63933.3333
46566.6667	70983.3333
46566.6667	71433.3333
46566.6667	71833.3333
46566.6667	72000
46566.6667	79416.6667
46566.6667	80816.6667
46566.6667	80866.6667
46583.3333	65333.3333
46583.3333	71616.6667
46583.3333	72050
46583.3333	72183.3333
46583.3333	73083.3333
46583.3333	80183.3333
46583.3333	81200
46600	67733.3333
46600	70850
46616.6667	53533.3333
46616.6667	61016.6667
46616.6667	65050
46616.6667	70966.6667
46616.6667	71733.3333
46616.6667	71933.3333
46616.6667	72666.6667
46616.6667	72733.3333
46616.6667	72766.6667
46633.3333	53600
46633.3333	64866.6667
46633.3333	71916.6667
46633.3333	72683.3333
46633.3333	79016.6667
46633.3333	80433.3333
46633.3333	81383.3333
46650	60966.6667
46650	65866.6667
46650	67583.3333
46650	70800
46650	71300
46650	71566.6667
46666.6667	53083.3333
46666.6667	64066.6667
46666.6667	71733.3333
46666.6667	72133.3333
46666.6667	73916.6667
46666.6667	80750
46683.3333	60366.6667
46683.3333	64183.3333
46683.3333	64866.6667
46683.3333	70016.6667
46683.3333	70450
46683.3333	71066.6667
46683.3333	71716.6667
46683.3333	71883.3333
46683.3333	72033.3333
46683.3333	72716.6667
46700	64216.6667
46700	71400
46700	71583.3333
46700	72083.3333
46700	75450
46700	80916.6667
46700	81550
46716.6667	53266.6667
46716.6667	65416.6667
46716.6667	70716.6667
46716.6667	71266.6667
46716.6667	72566.6667
46716.6667	79083.3333
46716.6667	79100
46716.6667	84133.3333
46733.3333	53366.6667
46733.3333	64966.6667
46733.3333	65833.3333
46733.3333	67700
46733.3333	70366.6667
46733.3333	71266.6667
46733.3333	75300
46750	70583.3333
46750	71233.3333
46750	71266.6667
46750	71350
46750	71700
46750	71816.6667
46750	72250
46766.6667	70950
46766.6667	71250
46766.6667	78983.3333
46783.3333	67500
46783.3333	70750
46783.3333	71200
46783.3333	71300
46783.3333	71383.3333
46783.3333	84050
46800	53650
46800	54066.6667
46800	64066.6667
46800	67716.6667
46800	70200
46800	71166.6667
46800	71250
46800	71316.6667
46800	72500
46816.6667	65800
46816.6667	71200
46816.6667	71250
46816.6667	79583.3333
46816.6667	80950
46833.3333	65783.3333
46833.3333	70850
46833.3333	71166.6667
46850	69900
46850	71183.3333
46850	71350
46850	71366.6667
46850	71616.6667
46850	72450
46850	81016.6667
46866.6667	53616.6667
46866.6667	55816.6667
46866.6667	70916.6667
46866.6667	71266.6667
46866.6667	71366.6667
46866.6667	71433.3333
46866.6667	72383.3333
46866.6667	75316.6667
46883.3333	53966.6667
46883.3333	65516.6667
46883.3333	70816.6667
46883.3333	71150
46883.3333	71166.6667
46883.3333	71283.3333
46883.3333	71516.6667
46883.3333	71833.3333
46900	55400
46900	55966.6667
46900	60466.6667
46900	65183.3333
46900	65633.3333
46900	67383.3333
46900	71133.3333
46900	79633.3333
46900	84600
46916.6667	53583.3333
46916.6667	54183.3333
46933.3333	52966.6667
46933.3333	55550
46933.3333	70733.3333
46933.3333	71466.6667
46933.3333	74016.6667
46950	55983.3333
46950	64033.3333
46950	65600
46950	69783.3333
46966.6667	52966.6667
46966.6667	53700
46966.6667	65733.3333
46966.6667	70550
46966.6667	70950
46966.6667	71016.6667
46983.3333	65550
46983.3333	65566.6667
46983.3333	71366.6667
46983.3333	72183.3333
47000	60466.6667
47000	60516.6667
47000	70816.6667
47016.6667	52916.6667
47016.6667	53616.6667
47016.6667	70933.3333
47033.3333	65183.3333
47033.3333	65433.3333
47033.3333	79266.6667
47050	55183.3333
47050	67733.3333
47050	70850
47050	70883.3333
47066.6667	55866.6667
47066.6667	65383.3333
47066.6667	79783.3333
47083.3333	52950
47100	54066.6667
47100	55783.3333
47100	69983.3333
47100	81933.3333
47116.6667	53516.6667
47116.6667	65600
47116.6667	70183.3333
47116.6667	70333.3333
47116.6667	70850
47133.3333	53500
47133.3333	54066.6667
47133.3333	55533.3333
47133.3333	70766.6667
47150	55133.3333
47166.6667	55166.6667
47166.6667	67916.6667
47166.6667	72633.3333
47183.3333	54050
47183.3333	55050
47183.3333	79316.6667
47200	65150
47200	68833.3333
47200	70266.6667
47200	79366.6667
47216.6667	52850
47216.6667	53566.6667
47216.6667	74366.6667
47233.3333	53966.6667
47233.3333	55366.6667
47233.3333	61850
47233.3333	65050
47250	52850
47250	72250
47250	81466.6667
47266.6667	54916.6667
47283.3333	52833.3333
47283.3333	53883.3333
47283.3333	54816.6667
47283.3333	65616.6667
47283.3333	79333.3333
47283.3333	79716.6667
47300	54000
47300	82100
47316.6667	53916.6667
47316.6667	70150
47316.6667	70183.3333
47316.6667	70566.6667
47333.3333	52833.3333
47333.3333	68666.6667
47333.3333	69683.3333
47333.3333	69983.3333
47333.3333	79433.3333
47333.3333	79800
47333.3333	84550
47366.6667	54916.6667
47366.6667	61933.3333
47366.6667	68333.3333
47366.6667	70033.3333
47383.3333	53133.3333
47383.3333	54166.6667
47383.3333	54783.3333
47383.3333	61866.6667
47383.3333	68900
47383.3333	79683.3333
47400	54333.3333
47400	54516.6667
47400	68866.6667
47416.6667	53533.3333
47416.6667	69950
47416.6667	79283.3333
47416.6667	81533.3333
47433.3333	53166.6667
47433.3333	53216.6667
47433.3333	53800
47433.3333	54466.6667
47433.3333	69033.3333
47433.3333	69050
47433.3333	69416.6667
47433.3333	69883.3333
47433.3333	70500
47433.3333	79633.3333
47433.3333	82333.3333
47450	52716.6667
47450	53233.3333
47450	69150
47450	69216.6667
47450	69750
47450	69883.3333
47450	72783.3333
47450	79433.3333
47466.6667	53083.3333
47466.6667	55533.3333
47466.6667	69000
47466.6667	79433.3333
47483.3333	54200
47483.3333	55116.6667
47483.3333	55833.3333
47483.3333	69283.3333
47483.3333	70383.3333
47500	53016.6667
47500	55450
47500	55783.3333
47500	64916.6667
47500	67383.3333
47500	69933.3333
47500	76700
47500	79666.6667
47516.6667	52783.3333
47516.6667	52966.6667
47516.6667	53216.6667
47516.6667	53666.6667
47516.6667	55450
47516.6667	57416.6667
47516.6667	69816.6667
47533.3333	52933.3333
47533.3333	53300
47533.3333	54100
47533.3333	54966.6667
47533.3333	68916.6667
47550	52666.6667
47550	53550
47550	53666.6667
47550	55933.3333
47550	56883.3333
47550	61566.6667
47550	68650
47550	69416.6667
47550	79233.3333
47566.6667	54233.3333
47566.6667	56750
47566.6667	59150
47566.6667	70200
47566.6667	70400
47583.3333	53300
47583.3333	53550
47583.3333	56816.6667
47583.3333	57266.6667
47583.3333	82766.6667
47600	55916.6667
47600	56416.6667
47600	57633.3333
47600	59016.6667
47600	65650
47600	68800
47600	69733.3333
47600	69800
47600	79650
47616.6667	53300
47616.6667	55233.3333
47616.6667	58716.6667
47616.6667	59233.3333
47616.6667	69633.3333
47633.3333	52683.3333
47633.3333	52850
47633.3333	53500
47633.3333	53750
47633.3333	67333.3333
47633.3333	70150
47633.3333	80000
47650	52733.3333
47650	52933.3333
47650	53216.6667
47650	53966.6667
47650	54150
47650	54933.3333
47650	55233.3333
47650	70166.6667
47650	80166.6667
47650	80783.3333
47666.6667	54083.3333
47666.6667	58233.3333
47666.6667	64833.3333
47666.6667	69050
47666.6667	69733.3333
47666.6667	70383.3333
47666.6667	72266.6667
47666.6667	80233.3333
47666.6667	81716.6667
47683.3333	53250
47683.3333	53883.3333
47683.3333	54716.6667
47683.3333	55466.6667
47683.3333	59316.6667
47683.3333	65433.3333
47683.3333	67100
47683.3333	68883.3333
47683.3333	69633.3333
47683.3333	70233.3333
47683.3333	73050
47683.3333	80733.3333
47700	54233.3333
47700	64850
47700	65166.6667
47700	69283.3333
47716.6667	52716.6667
47716.6667	52833.3333
47716.6667	53500
47716.6667	69133.3333
47716.6667	79816.6667
47716.6667	80333.3333
47716.6667	83200
47733.3333	53250
47733.3333	64700
47733.3333	65716.6667
47733.3333	69983.3333
47750	53200
47750	65366.6667
47766.6667	52766.6667
47766.6667	53216.6667
47766.6667	54216.6667
47766.6667	69483.3333
47766.6667	69616.6667
47766.6667	69950
47783.3333	53166.6667
47783.3333	53483.3333
47783.3333	59233.3333
47783.3333	64633.3333
47783.3333	64950
47800	53166.6667
47800	69150
47800	79816.6667
47816.6667	53450
47816.6667	59200
47816.6667	65183.3333
47816.6667	66883.3333
47816.6667	79866.6667
47816.6667	80000
47833.3333	54166.6667
47833.3333	59316.6667
47833.3333	64700
47833.3333	69533.3333
47833.3333	83400
47850	53983.3333
47850	59150
47850	65766.6667
47850	69883.3333
47850	73550
47866.6667	53366.6667
47866.6667	53933.3333
47866.6667	55850
47866.6667	59366.6667
47866.6667	68733.3333
47883.3333	54250
47883.3333	74183.3333
47900	53083.3333
47900	73883.3333
47900	83183.3333
47916.6667	53366.6667
47916.6667	59033.3333
47916.6667	66000
47916.6667	69100
47916.6667	69500
47916.6667	74616.6667
47933.3333	79250
47950	72166.6667
47950	83783.3333
47950	84916.6667
47966.6667	53333.3333
47966.6667	66283.3333
47966.6667	66766.6667
47966.6667	66933.3333
47983.3333	71433.3333
48000	53000
48000	65333.3333
48000	66666.6667
48000	66766.6667
48000	80650
48000	84783.3333
48016.6667	53266.6667
48016.6667	54016.6667
48016.6667	58950
48016.6667	69050
48016.6667	69333.3333
48016.6667	78933.3333
48016.6667	79950
48033.3333	52983.3333
48033.3333	53116.6667
48033.3333	65250
48033.3333	66483.3333
48033.3333	69216.6667
48050	53633.3333
48050	53766.6667
48050	65466.6667
48050	66616.6667
48050	67083.3333
48066.6667	52933.3333
48066.6667	58866.6667
48066.6667	65566.6667
48066.6667	66366.6667
48066.6667	80016.6667
48083.3333	53016.6667
48083.3333	53916.6667
48083.3333	82100
48083.3333	84550
48100	53750
48100	65683.3333
48100	66100
48100	69733.3333
48100	72183.3333
48100	77766.6667
48100	77900
48100	79716.6667
48100	80100
48100	83916.6667
48116.6667	69166.6667
48116.6667	75216.6667
48116.6667	75366.6667
48116.6667	77766.6667
48116.6667	84066.6667
48133.3333	53583.3333
48133.3333	53916.6667
48133.3333	65816.6667
48133.3333	66300
48133.3333	78116.6667
48133.3333	82266.6667
48150	53966.6667
48150	69716.6667
48150	72216.6667
48150	77483.3333
48150	79950
48150	80033.3333
48150	84033.3333
48166.6667	52933.3333
48166.6667	53716.6667
48166.6667	65833.3333
48166.6667	67150
48166.6667	75633.3333
48166.6667	77550
48166.6667	79533.3333
48183.3333	53533.3333
48183.3333	53983.3333
48183.3333	58850
48183.3333	64983.3333
48200	58866.6667
48200	64866.6667
48200	69016.6667
48200	79250
48200	79416.6667
48216.6667	78383.3333
48216.6667	78916.6667
48233.3333	53966.6667
48233.3333	58816.6667
48233.3333	69816.6667
48233.3333	70183.3333
48233.3333	76583.3333
48233.3333	77933.3333
48250	58766.6667
48250	65900
48250	67250
48250	69550
48250	72083.3333
48250	79016.6667
48250	79033.3333
48250	82433.3333
48250	84533.3333
48250	89883.3333
48266.6667	54166.6667
48266.6667	64750
48266.6667	72166.6667
48283.3333	53466.6667
48283.3333	68866.6667
48283.3333	80233.3333
48300	67583.3333
48300	70850
48300	84083.3333
48316.6667	123550
48316.6667	58683.3333
48333.3333	64666.6667
48333.3333	70866.6667
48333.3333	70883.3333
48333.3333	72133.3333
48333.3333	72166.6667
48333.3333	78116.6667
48333.3333	88816.6667
48350	54166.6667
48350	64616.6667
48350	67216.6667
48350	68450
48350	69416.6667
48350	70883.3333
48350	77983.3333
48350	78116.6667
48350	84266.6667
48366.6667	123533.3333
48366.6667	53383.3333
48366.6667	53866.6667
48366.6667	68700
48366.6667	78866.6667
48366.6667	79416.6667
48366.6667	80250
48383.3333	123683.3333
48383.3333	123733.3333
48383.3333	58583.3333
48383.3333	64500
48383.3333	71683.3333
48383.3333	77666.6667
48400	53350
48400	53633.3333
48400	71683.3333
48400	77250
48400	77350
48400	89233.3333
48416.6667	53600
48416.6667	53883.3333
48416.6667	67333.3333
48416.6667	71250
48416.6667	71950
48416.6667	77516.6667
48416.6667	80316.6667
48416.6667	89616.6667
48433.3333	123316.6667
48433.3333	123350
48433.3333	123416.6667
48433.3333	53800
48433.3333	54016.6667
48433.3333	58500
48433.3333	64333.3333
48433.3333	68150
48433.3333	68516.6667
48433.3333	68583.3333
48433.3333	71033.3333
48433.3333	71066.6667
48433.3333	71133.3333
48433.3333	71183.3333
48433.3333	71250
48433.3333	71866.6667
48433.3333	72050
48433.3333	77633.3333
48450	123500
48450	123533.3333
48450	58483.3333
48450	70900
48450	71066.6667
48450	71216.6667
48450	78883.3333
48466.6667	67433.3333
48466.6667	71233.3333
48466.6667	71666.6667
48466.6667	78066.6667
48466.6667	78133.3333
48466.6667	81200
48466.6667	81283.3333
48466.6667	81333.3333
48466.6667	84416.6667
48483.3333	53100
48483.3333	68433.3333
48483.3333	71783.3333
48483.3333	72350
48483.3333	77800
48483.3333	80383.3333
48483.3333	84950
48500	53500
48500	54216.6667
48500	59116.6667
48500	77666.6667
48516.6667	53083.3333
48516.6667	58416.6667
48516.6667	58900
48516.6667	68333.3333
48516.6667	68466.6667
48516.6667	72216.6667
48516.6667	77683.3333
48516.6667	79216.6667
48516.6667	82916.6667
48533.3333	123550
48533.3333	67566.6667
48533.3333	67850
48533.3333	68083.3333
48533.3333	71083.3333
48533.3333	80466.6667
48533.3333	80683.3333
48533.3333	89583.3333
48550	124416.6667
48550	53333.3333
48550	53483.3333
48550	58566.6667
48550	58733.3333
48550	58916.6667
48550	67683.3333
48550	71316.6667
48550	71650
48550	77950
48550	88966.6667
48566.6667	53100
48566.6667	58816.6667
48566.6667	69233.3333
48566.6667	71633.3333
48566.6667	71650
48566.6667	72250
48566.6667	78116.6667
48566.6667	78833.3333
48566.6667	88733.3333
48583.3333	123466.6667
48583.3333	123516.6667
48583.3333	53200
48583.3333	67833.3333
48583.3333	68183.3333
48583.3333	71550
48583.3333	71633.3333
48583.3333	81016.6667
48583.3333	85283.3333
48583.3333	89900
48600	53400
48600	68116.6667
48600	72333.3333
48600	83350
48600	89983.3333
48616.6667	123633.3333
48616.6667	53033.3333
48616.6667	59100
48616.6667	64266.6667
48616.6667	77633.3333
48616.6667	78366.6667
48616.6667	80933.3333
48616.6667	93416.6667
48616.6667	93533.3333
48616.6667	93833.3333
48633.3333	53100
48633.3333	64183.3333
48633.3333	67116.6667
48633.3333	71700
48633.3333	80866.6667
48633.3333	88766.6667
48633.3333	90066.6667
48650	123416.6667
48650	124816.6667
48650	53766.6667
48650	58250
48650	58650
48650	58983.3333
48650	64350
48650	72450
48650	77983.3333
48650	80683.3333
48650	86283.3333
48650	90433.3333
48650	93983.3333
48666.6667	53650
48666.6667	54050
48666.6667	67333.3333
48666.6667	67983.3333
48666.6667	71516.6667
48666.6667	71816.6667
48666.6667	74950
48666.6667	77466.6667
48666.6667	77633.3333
48666.6667	78700
48666.6667	78983.3333
48666.6667	79200
48666.6667	90250
48683.3333	123600
48683.3333	54116.6667
48683.3333	71366.6667
48683.3333	71666.6667
48683.3333	80733.3333
48683.3333	85650
48683.3333	93650
48700	53800
48700	58916.6667
48700	72650
48700	77733.3333
48700	80783.3333
48700	94300
48716.6667	67866.6667
48716.6667	78866.6667
48716.6667	86383.3333
48716.6667	90733.3333
48716.6667	94566.6667
48733.3333	123616.6667
48733.3333	69066.6667
48733.3333	71850
48733.3333	90933.3333
48733.3333	92083.3333
48750	64583.3333
48750	80683.3333
48750	86366.6667
48750	88583.3333
48750	91200
48750	91616.6667
48750	92283.3333
48766.6667	64383.3333
48766.6667	79000
48766.6667	80666.6667
48766.6667	83600
48766.6667	92616.6667
48766.6667	92833.3333
48783.3333	123483.3333
48783.3333	123700
48783.3333	54216.6667
48783.3333	67700
48783.3333	87100
48800	79200
48800	86966.6667
48800	87266.6667
48800	93983.3333
48816.6667	124033.3333
48816.6667	56533.3333
48816.6667	56866.6667
48816.6667	64450
48816.6667	80816.6667
48833.3333	125150
48833.3333	64483.3333
48833.3333	64600
48833.3333	72516.6667
48833.3333	78866.6667
48833.3333	79366.6667
48833.3333	87516.6667
48833.3333	89916.6667
48833.3333	91666.6667
48850	123300
48850	123516.6667
48850	53683.3333
48850	53983.3333
48850	54016.6667
48850	56466.6667
48850	67516.6667
48850	88483.3333
48850	93916.6667
48866.6667	123650
48866.6667	123716.6667
48866.6667	64200
48866.6667	67100
48866.6667	67450
48866.6667	72233.3333
48866.6667	72416.6667
48866.6667	79500
48866.6667	80850
48866.6667	94166.6667
48883.3333	123316.6667
48883.3333	124200
48883.3333	64550
48883.3333	72666.6667
48900	54433.3333
48900	67333.3333
48900	72200
48900	87683.3333
48900	88350
48916.6667	123700
48916.6667	80133.3333
48933.3333	125516.6667
48933.3333	55650
48933.3333	64300
48933.3333	67166.6667
48933.3333	94383.3333
48950	53916.6667
48950	54550
48950	55666.6667
48950	57933.3333
48950	68650
48950	79483.3333
48950	88283.3333
48950	90250
48966.6667	56033.3333
48966.6667	57800
48966.6667	57916.6667
48966.6667	58000
48966.6667	65516.6667
48983.3333	123816.6667
48983.3333	53700
48983.3333	64383.3333
48983.3333	66983.3333
48983.3333	80716.6667
49000	102266.6667
49000	102550
49000	111950
49000	115166.6667
49000	54883.3333
49000	72166.6667
49000	72550
49000	79366.6667
49000	97200
49000	97550
49016.6667	113383.3333
49016.6667	118216.6667
49016.6667	118783.3333
49016.6667	123083.3333
49016.6667	125000
49016.6667	55516.6667
49016.6667	56316.6667
49016.6667	57616.6667
49016.6667	80833.3333
49016.6667	88250
49016.6667	95433.3333
49033.3333	113033.3333
49033.3333	119466.6667
49033.3333	122816.6667
49033.3333	53866.6667
49033.3333	95650
49033.3333	95766.6667
49050	101166.6667
49050	113916.6667
49050	118466.6667
49050	122300
49050	53583.3333
49050	58183.3333
49050	58383.3333
49050	64483.3333
49050	90466.6667
49066.6667	105383.3333
49066.6667	110450
49066.6667	115183.3333
49066.6667	118983.3333
49066.6667	123866.6667
49066.6667	72350
49066.6667	81016.6667
49066.6667	84100
49066.6667	95966.6667
49066.6667	97016.6667
49083.3333	100983.3333
49083.3333	104466.6667
49083.3333	116100
49083.3333	117816.6667
49083.3333	123083.3333
49083.3333	55266.6667
49083.3333	57550
49083.3333	66683.3333
49083.3333	90283.3333
49083.3333	96133.3333
49083.3333	96700
49083.3333	99333.3333
49100	100600
49100	100800
49100	105166.6667
49100	106366.6667
49100	116516.6667
49100	117716.6667
49100	122650
49100	122733.3333
49100	122833.3333
49100	122866.6667
49100	123966.6667
49100	53583.3333
49100	58366.6667
49100	94316.6667
49100	95833.3333
49100	96266.6667
49100	97566.6667
49116.6667	109266.6667
49116.6667	117550
49116.6667	53616.6667
49116.6667	55083.3333
49116.6667	58066.6667
49116.6667	66483.3333
49116.6667	68383.3333
49133.3333	103316.6667
49133.3333	103483.3333
49133.3333	103800
49133.3333	104183.3333
49133.3333	112083.3333
49133.3333	113600
49133.3333	118683.3333
49133.3333	122300
49133.3333	123183.3333
49133.3333	123850
49133.3333	125900
49133.3333	62533.3333
49133.3333	64750
49133.3333	81383.3333
49133.3333	85800
49133.3333	88333.3333
49133.3333	97150
49133.3333	98950
49133.3333	99466.6667
49150	102800
49150	103000
49150	107800
49150	116333.3333
49150	118566.6667
49150	123916.6667
49150	125916.6667
49150	53583.3333
49150	55366.6667
49150	68200
49166.6667	101450
49166.6667	101783.3333
49166.6667	104583.3333
49166.6667	104600
49166.6667	121950
49166.6667	122966.6667
49166.6667	57116.6667
49166.6667	64916.6667
49183.3333	100500
49183.3333	101250
49183.3333	103666.6667
49183.3333	105600
49183.3333	105950
49183.3333	108083.3333
49183.3333	119550
49183.3333	122066.6667
49183.3333	123850
49183.3333	125916.6667
49183.3333	53533.3333
49183.3333	57433.3333
49183.3333	64883.3333
49183.3333	68266.6667
49183.3333	81066.6667
49183.3333	95966.6667
49183.3333	97766.6667
49183.3333	97933.3333
49183.3333	98100
49183.3333	99666.6667
49200	102416.6667
49200	108383.3333
49200	108400
49200	108733.3333
49200	110866.6667
49200	113316.6667
49200	117283.3333
49200	119816.6667
49200	122850
49200	124016.6667
49200	66166.6667
49200	97550
49200	98900
49216.6667	102166.6667
49216.6667	109800
49216.6667	122816.6667
49216.6667	122916.6667
49216.6667	63050
49216.6667	65133.3333
49216.6667	65750
49216.6667	65916.6667
49216.6667	68150
49216.6667	84783.3333
49216.6667	99333.3333
49216.6667	99883.3333
49233.3333	100050
49233.3333	107733.3333
49233.3333	121766.6667
49233.3333	122683.3333
49233.3333	124800
49233.3333	53516.6667
49233.3333	55066.6667
49233.3333	65316.6667
49233.3333	98533.3333
49250	100750
49250	103816.6667
49250	116616.6667
49250	116683.3333
49250	122500
49250	122950
49250	123133.3333
49250	124183.3333
49250	65566.6667
49250	81666.6667
49250	90566.6667
49250	96050
49266.6667	100983.3333
49266.6667	102283.3333
49266.6667	122783.3333
49266.6667	124800
49266.6667	54500
49266.6667	54833.3333
49266.6667	55066.6667
49266.6667	61850
49266.6667	63216.6667
49283.3333	112200
49283.3333	113183.3333
49283.3333	115833.3333
49283.3333	117616.6667
49283.3333	117650
49283.3333	122850
49283.3333	122933.3333
49283.3333	126050
49283.3333	53616.6667
49283.3333	54933.3333
49283.3333	81633.3333
49283.3333	81850
49283.3333	96150
49300	105416.6667
49300	115116.6667
49300	122866.6667
49300	124316.6667
49300	124483.3333
49300	69583.3333
49300	82033.3333
49316.6667	100850
49316.6667	103250
49316.6667	117666.6667
49316.6667	120533.3333
49316.6667	123066.6667
49316.6667	124850
49316.6667	124983.3333
49316.6667	55400
49316.6667	67600
49316.6667	81033.3333
49316.6667	96300
49333.3333	123166.6667
49333.3333	54733.3333
49333.3333	55083.3333
49350	120083.3333
49350	123033.3333
49350	123266.6667
49350	123283.3333
49350	124450
49350	54516.6667
49350	82150
49350	97050
49350	97366.6667
49366.6667	104066.6667
49366.6667	106383.3333
49366.6667	109266.6667
49366.6667	113516.6667
49366.6667	123266.6667
49366.6667	126250
49366.6667	54266.6667
49366.6667	55333.3333
49366.6667	88133.3333
49366.6667	97950
49366.6667	98250
49366.6667	99116.6667
49383.3333	100666.6667
49383.3333	100966.6667
49383.3333	101716.6667
49383.3333	101866.6667
49383.3333	102750
49383.3333	121433.3333
49383.3333	99233.3333
49400	100016.6667
49400	103400
49400	103700
49400	105116.6667
49400	105633.3333
49400	110700
49400	123500
49400	98800
49400	99633.3333
49416.6667	106683.3333
49416.6667	107066.6667
49416.6667	112383.3333
49416.6667	112883.3333
49416.6667	115400
49416.6667	123500
49416.6667	123616.6667
49416.6667	54366.6667
49416.6667	56066.6667
49416.6667	67316.6667
49416.6667	82433.3333
49416.6667	90916.6667
49416.6667	91666.6667
49416.6667	99450
49433.3333	100266.6667
49433.3333	109833.3333
49433.3333	117533.3333
49433.3333	117550
49433.3333	123483.3333
49433.3333	124683.3333
49433.3333	53950
49433.3333	54666.6667
49433.3333	88116.6667
49433.3333	96383.3333
49450	104600
49450	120500
49450	54050
49450	57766.6667
49450	57900
49466.6667	104283.3333
49466.6667	106350
49466.6667	112666.6667
49466.6667	115450
49466.6667	116766.6667
49466.6667	123766.6667
49466.6667	82683.3333
49483.3333	100516.6667
49483.3333	106016.6667
49483.3333	111100
49483.3333	111433.3333
49483.3333	113950
49483.3333	114983.3333
49483.3333	117283.3333
49483.3333	124350
49483.3333	126400
49483.3333	54833.3333
49483.3333	55283.3333
49483.3333	56100
49483.3333	58116.6667
49500	111800
49500	115066.6667
49500	119133.3333
49500	119583.3333
49500	123916.6667
49500	55250
49500	55400
49500	55716.6667
49500	57883.3333
49500	57933.3333
49500	76083.3333
49500	97050
49500	98000
49516.6667	105616.6667
49516.6667	108816.6667
49516.6667	112183.3333
49516.6667	112516.6667
49516.6667	113950
49516.6667	114650
49516.6667	115766.6667
49516.6667	123483.3333
49516.6667	123916.6667
49516.6667	54533.3333
49516.6667	96683.3333
49516.6667	97700
49516.6667	99683.3333
49533.3333	124816.6667
49533.3333	55833.3333
49533.3333	56866.6667
49533.3333	57866.6667
49533.3333	82866.6667
49533.3333	83833.3333
49533.3333	97366.6667
49533.3333	98550
49550	100950
49550	101083.3333
49550	105050
49550	113766.6667
49550	120750
49550	81350
49550	83016.6667
49550	99083.3333
49550	99283.3333
49566.6667	101700
49566.6667	104916.6667
49566.6667	114066.6667
49566.6667	117650
49566.6667	121433.3333
49566.6667	54250
49566.6667	54850
49566.6667	74583.3333
49566.6667	81366.6667
49583.3333	114366.6667
49583.3333	114966.6667
49583.3333	56183.3333
49583.3333	56833.3333
49583.3333	99450
49600	102083.3333
49600	108716.6667
49600	114433.3333
49600	119666.6667
49600	124883.3333
49600	126633.3333
49600	54166.6667
49600	54300
49600	55683.3333
49600	55966.6667
49600	83166.6667
49600	87950
49600	97316.6667
49616.6667	100250
49616.6667	104750
49616.6667	105983.3333
49616.6667	115633.3333
49616.6667	116800
49616.6667	116950
49616.6667	124033.3333
49616.6667	125016.6667
49616.6667	54583.3333
49616.6667	56183.3333
49616.6667	57950
49616.6667	63800
49616.6667	83266.6667
49616.6667	83333.3333
49616.6667	86150
49616.6667	92316.6667
49616.6667	95183.3333
49616.6667	95616.6667
49633.3333	102266.6667
49633.3333	102483.3333
49633.3333	102666.6667
49633.3333	104216.6667
49633.3333	104466.6667
49633.3333	114500
49633.3333	115950
49633.3333	116966.6667
49633.3333	123183.3333
49633.3333	55800
49633.3333	95716.6667
49633.3333	98700
49650	106266.6667
49650	108416.6667
49650	54383.3333
49650	54750
49650	76483.3333
49650	91000
49650	96450
49666.6667	103433.3333
49666.6667	103850
49666.6667	106850
49666.6667	107000
49666.6667	67166.6667
49666.6667	83516.6667
49666.6667	87650
49666.6667	95900
49666.6667	96666.6667
49666.6667	98000
49683.3333	103016.6667
49683.3333	115983.3333
49683.3333	124933.3333
49683.3333	125000
49683.3333	54050
49683.3333	55983.3333
49683.3333	81516.6667
49683.3333	87516.6667
49683.3333	97266.6667
49700	106566.6667
49700	112833.3333
49700	123150
49700	54283.3333
49700	56150
49700	74583.3333
49700	83666.6667
49700	86950
49700	92500
49716.6667	100966.6667
49716.6667	104600
49716.6667	107733.3333
49716.6667	108016.6667
49716.6667	108133.3333
49716.6667	120133.3333
49716.6667	64066.6667
49716.6667	86966.6667
49716.6667	92600
49716.6667	96733.3333
49733.3333	101233.3333
49733.3333	101783.3333
49733.3333	104950
49733.3333	112616.6667
49733.3333	113400
49733.3333	114850
49733.3333	54166.6667
49733.3333	57933.3333
49733.3333	95200
49750	107483.3333
49750	124550
49750	56033.3333
49750	77633.3333
49750	96433.3333
49766.6667	100466.6667
49766.6667	100633.3333
49766.6667	112450
49766.6667	115716.6667
49766.6667	116850
49766.6667	117466.6667
49766.6667	119750
49766.6667	120766.6667
49766.6667	123150
49766.6667	124316.6667
49766.6667	125100
49766.6667	56916.6667
49766.6667	92700
49766.6667	94466.6667
49766.6667	94550
49783.3333	101666.6667
49783.3333	103666.6667
49783.3333	112150
49783.3333	118133.3333
49783.3333	125066.6667
49783.3333	55866.6667
49783.3333	56633.3333
49783.3333	67166.6667
49783.3333	74866.6667
49783.3333	83650
49783.3333	86550
49783.3333	92833.3333
49783.3333	93183.3333
49800	113116.6667
49800	124616.6667
49800	93083.3333
49800	93983.3333
49800	95116.6667
49816.6667	100300
49816.6667	104150
49816.6667	105616.6667
49816.6667	111900
49816.6667	64350
49816.6667	89100
49816.6667	92983.3333
49816.6667	97133.3333
49833.3333	100133.3333
49833.3333	101533.3333
49833.3333	102283.3333
49833.3333	106033.3333
49833.3333	111700
49833.3333	126933.3333
49833.3333	74833.3333
49833.3333	91333.3333
49833.3333	97216.6667
49833.3333	99950
49850	100933.3333
49850	102950
49850	124533.3333
49850	126750
49850	56433.3333
49850	81616.6667
49850	93383.3333
49850	95550
49866.6667	106216.6667
49866.6667	110900
49866.6667	111366.6667
49866.6667	119400
49866.6667	126700
49866.6667	55666.6667
49866.6667	56816.6667
49866.6667	74350
49866.6667	95916.6667
49866.6667	96466.6667
49866.6667	99350
49866.6667	99916.6667
49883.3333	101833.3333
49883.3333	103433.3333
49883.3333	103866.6667
49883.3333	106550
49883.3333	111050
49883.3333	113050
49883.3333	118083.3333
49883.3333	118116.6667
49883.3333	120633.3333
49883.3333	121466.6667
49883.3333	123316.6667
49883.3333	124550
49883.3333	55633.3333
49883.3333	64483.3333
49883.3333	95416.6667
49883.3333	96066.6667
49883.3333	97000
49883.3333	97166.6667
49883.3333	99700
49900	102016.6667
49900	107300
49900	115766.6667
49900	119483.3333
49900	97100
49900	97250
49900	99066.6667
49916.6667	101083.3333
49916.6667	104366.6667
49916.6667	104950
49916.6667	109466.6667
49916.6667	116916.6667
49916.6667	126666.6667
49916.6667	55566.6667
49916.6667	56183.3333
49916.6667	57900
49916.6667	97083.3333
49916.6667	97183.3333
49933.3333	105700
49933.3333	105966.6667
49933.3333	107450
49933.3333	111700
49933.3333	56400
49933.3333	94983.3333
49933.3333	97116.6667
49950	100750
49950	105400
49950	108100
49950	110033.3333
49950	110266.6667
49950	93416.6667
49950	95966.6667
49950	97100
49950	98933.3333
49966.6667	100100
49966.6667	101250
49966.6667	101966.6667
49966.6667	110583.3333
49966.6667	112550
49966.6667	123150
49966.6667	55583.3333
49966.6667	98300
49966.6667	98766.6667
49966.6667	99950
49983.3333	100533.3333
49983.3333	109116.6667
49983.3333	113083.3333
49983.3333	117366.6667
49983.3333	124766.6667
49983.3333	125433.3333
49983.3333	126850
49983.3333	127150
49983.3333	92300
49983.3333	93616.6667
49983.3333	94650
50000	55866.6667
50016.6667	101366.6667
50016.6667	102350
50016.6667	105066.6667
50016.6667	106733.3333
50016.6667	125250
50016.6667	66866.6667
50016.6667	85216.6667
50016.6667	92933.3333
50016.6667	96316.6667
50033.3333	100216.6667
50033.3333	109833.3333
50033.3333	110683.3333
50033.3333	113583.3333
50033.3333	124816.6667
50033.3333	57716.6667
50050	102283.3333
50050	104633.3333
50050	125183.3333
50066.6667	101516.6667
50066.6667	108800
50066.6667	112100
50066.6667	112250
50066.6667	121550
50066.6667	124933.3333
50066.6667	124983.3333
50066.6667	125283.3333
50066.6667	91750
50066.6667	96516.6667
50066.6667	97216.6667
50066.6667	97450
50066.6667	98450
50083.3333	110783.3333
50083.3333	92166.6667
50083.3333	96666.6667
50083.3333	97866.6667
50100	102633.3333
50100	103866.6667
50100	104316.6667
50100	105700
50100	108483.3333
50100	125033.3333
50100	91916.6667
50116.6667	100033.3333
50116.6667	106983.3333
50116.6667	107100
50116.6667	107733.3333
50116.6667	119383.3333
50116.6667	120783.3333
50116.6667	122983.3333
50116.6667	124516.6667
50116.6667	124850
50116.6667	125366.6667
50116.6667	96033.3333
50133.3333	100766.6667
50133.3333	101033.3333
50133.3333	106383.3333
50133.3333	56100
50133.3333	97316.6667
50133.3333	98566.6667
50133.3333	99100
50150	101666.6667
50150	102933.3333
50150	115833.3333
50150	116983.3333
50150	120183.3333
50150	120500
50150	120883.3333
50150	95883.3333
50150	96883.3333
50150	99450
50166.6667	105266.6667
50166.6667	112416.6667
50166.6667	91450
50166.6667	91533.3333
50166.6667	96233.3333
50183.3333	100600
50183.3333	104900
50183.3333	107816.6667
50183.3333	108200
50183.3333	116933.3333
50183.3333	125083.3333
50183.3333	125150
50183.3333	57600
50183.3333	61283.3333
50183.3333	61816.6667
50183.3333	66100
50183.3333	66633.3333
50183.3333	86700
50183.3333	98316.6667
50200	106000
50200	55733.3333
50200	66383.3333
50200	81666.6667
50200	97666.6667
50216.6667	103450
50216.6667	109616.6667
50216.6667	111166.6667
50216.6667	113150
50216.6667	60716.6667
50216.6667	62083.3333
50233.3333	107250
50233.3333	117800
50233.3333	118616.6667
50233.3333	119366.6667
50233.3333	121100
50233.3333	121566.6667
50233.3333	125283.3333
50233.3333	57583.3333
50233.3333	86950
50233.3333	87666.6667
50233.3333	88050
50233.3333	90200
50233.3333	90716.6667
50233.3333	98950
50233.3333	99450
50250	101966.6667
50250	111183.3333
50250	113666.6667
50250	118966.6667
50250	124966.6667
50250	56500
50250	63583.3333
50250	87216.6667
50250	87900
50250	89766.6667
50250	99833.3333
50266.6667	101033.3333
50266.6667	105883.3333
50266.6667	112033.3333
50266.6667	119266.6667
50266.6667	64150
50266.6667	64766.6667
50266.6667	64916.6667
50266.6667	96050
50283.3333	105616.6667
50283.3333	107766.6667
50283.3333	111350
50283.3333	64333.3333
50283.3333	65200
50283.3333	65583.3333
50283.3333	89450
50300	105133.3333
50300	125200
50300	64016.6667
50300	88533.3333
50300	89033.3333
50300	95550
50316.6667	108616.6667
50316.6667	115866.6667
50316.6667	116950
50316.6667	122816.6667
50316.6667	125083.3333
50316.6667	64500
50316.6667	88416.6667
50316.6667	92283.3333
50333.3333	102250
50333.3333	110083.3333
50333.3333	125483.3333
50350	100200
50350	112633.3333
50350	113766.6667
50350	125916.6667
50350	57533.3333
50350	59816.6667
50350	95966.6667
50366.6667	105383.3333
50366.6667	107583.3333
50366.6667	119350
50366.6667	125150
50366.6667	125316.6667
50366.6667	56533.3333
50366.6667	99466.6667
50383.3333	101700
50383.3333	102566.6667
50383.3333	118783.3333
50383.3333	120266.6667
50383.3333	127433.3333
50383.3333	97266.6667
50383.3333	98666.6667
50383.3333	99083.3333
50400	100400
50400	105150
50400	105550
50400	105716.6667
50400	113250
50400	125966.6667
50400	95683.3333
50416.6667	102916.6667
50416.6667	103266.6667
50416.6667	104600
50416.6667	109883.3333
50416.6667	117133.3333
50416.6667	120816.6667
50416.6667	121350
50416.6667	122916.6667
50416.6667	125516.6667
50416.6667	73866.6667
50416.6667	84366.6667
50416.6667	97950
50433.3333	100583.3333
50433.3333	101050
50433.3333	104816.6667
50433.3333	107216.6667
50433.3333	117900
50433.3333	127483.3333
50433.3333	96566.6667
50450	101300
50450	104616.6667
50450	105816.6667
50450	106066.6667
50450	106266.6667
50450	106900
50450	108083.3333
50450	108450
50450	111650
50450	113850
50450	119183.3333
50450	125366.6667
50450	96016.6667
50466.6667	104416.6667
50466.6667	106666.6667
50466.6667	109483.3333
50466.6667	113433.3333
50466.6667	115966.6667
50483.3333	103433.3333
50483.3333	110016.6667
50483.3333	122600
50483.3333	126083.3333
50500	107766.6667
50500	116033.3333
50500	97500
50500	98033.3333
50516.6667	116033.3333
50516.6667	117283.3333
50516.6667	117900
50516.6667	125533.3333
50516.6667	125750
50516.6667	128033.3333
50516.6667	59483.3333
50533.3333	100316.6667
50533.3333	103666.6667
50533.3333	103866.6667
50533.3333	126866.6667
50533.3333	127600
50533.3333	56283.3333
50533.3333	57383.3333
50550	119133.3333
50550	126816.6667
50550	126883.3333
50550	96233.3333
50550	96633.3333
50566.6667	100583.3333
50566.6667	104450
50566.6667	111900
50566.6667	112883.3333
50566.6667	126266.6667
50566.6667	97000
50566.6667	97216.6667
50583.3333	105583.3333
50583.3333	107350
50583.3333	112050
50583.3333	113866.6667
50583.3333	126916.6667
50583.3333	127100
50600	101683.3333
50600	107016.6667
50600	107816.6667
50600	113616.6667
50600	127583.3333
50600	56200
50600	98733.3333
50616.6667	101283.3333
50616.6667	106700
50616.6667	108450
50616.6667	116100
50616.6667	122433.3333
50616.6667	126316.6667
50633.3333	106033.3333
50633.3333	112700
50633.3333	117533.3333
50633.3333	119116.6667
50633.3333	127016.6667
50633.3333	127250
50633.3333	93166.6667
50633.3333	97000
50650	102083.3333
50650	104866.6667
50650	109916.6667
50650	119950
50650	128016.6667
50650	57266.6667
50650	99966.6667
50666.6667	100816.6667
50666.6667	120333.3333
50666.6667	128083.3333
50683.3333	105883.3333
50683.3333	114266.6667
50683.3333	117483.3333
50683.3333	119816.6667
50683.3333	120366.6667
50683.3333	121933.3333
50683.3333	125700
50683.3333	128266.6667
50683.3333	97533.3333
50683.3333	99466.6667
50700	105216.6667
50700	111683.3333
50700	114233.3333
50700	117916.6667
50700	119283.3333
50700	122300
50700	59333.3333
50700	96550
50700	98866.6667
50716.6667	103000
50716.6667	112983.3333
50716.6667	113316.6667
50716.6667	113966.6667
50716.6667	121266.6667
50716.6667	127500
50716.6667	55600
50716.6667	57366.6667
50733.3333	103200
50733.3333	108750
50733.3333	111300
50733.3333	111900
50733.3333	117733.3333
50733.3333	119966.6667
50733.3333	122233.3333
50733.3333	56100
50750	101433.3333
50750	104866.6667
50750	106400
50750	111183.3333
50750	120850
50750	126483.3333
50750	57166.6667
50766.6667	103783.3333
50766.6667	109666.6667
50766.6667	112083.3333
50766.6667	128350
50783.3333	101283.3333
50783.3333	112466.6667
50783.3333	119333.3333
50783.3333	120783.3333
50783.3333	122816.6667
50783.3333	59016.6667
50783.3333	97566.6667
50783.3333	99483.3333
50800	103550
50800	104916.6667
50800	106150
50800	107950
50800	110683.3333
50800	121316.6667
50800	98983.3333
50816.6667	110466.6667
50816.6667	112666.6667
50816.6667	116283.3333
50816.6667	119683.3333
50833.3333	101700
50833.3333	119000
50833.3333	57033.3333
50833.3333	58950
50850	105566.6667
50850	109116.6667
50850	110950
50850	113466.6667
50850	122433.3333
50850	122850
50850	127850
50850	56116.6667
50866.6667	105250
50866.6667	113050
50866.6667	119466.6667
50866.6667	119583.3333
50866.6667	121833.3333
50866.6667	122183.3333
50866.6667	95250
50866.6667	98100
50883.3333	107383.3333
50883.3333	108200
50883.3333	109550
50883.3333	110266.6667
50883.3333	118100
50900	103850
50900	111550
50900	116366.6667
50900	55900
50900	95333.3333
50900	97216.6667
50916.6667	106850
50916.6667	114066.6667
50916.6667	126866.6667
50916.6667	127283.3333
50933.3333	102033.3333
50933.3333	102800
50933.3333	104500
50933.3333	105700
50933.3333	109900
50933.3333	118783.3333
50933.3333	56983.3333
50933.3333	91383.3333
50950	101233.3333
50950	104200
50950	112183.3333
50950	113916.6667
50950	126200
50966.6667	110016.6667
50966.6667	120250
50966.6667	93916.6667
50966.6667	98183.3333
50983.3333	104850
50983.3333	106550
50983.3333	107133.3333
50983.3333	108083.3333
50983.3333	118633.3333
51000	118183.3333
51000	97000
51016.6667	108433.3333
51016.6667	113533.3333
51016.6667	121783.3333
51016.6667	57033.3333
51016.6667	57100
51016.6667	95666.6667
51033.3333	102166.6667
51033.3333	112683.3333
51033.3333	113966.6667
51033.3333	120733.3333
51033.3333	127516.6667
51033.3333	55833.3333
51033.3333	93833.3333
51050	56916.6667
51050	99533.3333
51050	99783.3333
51066.6667	104950
51066.6667	105433.3333
51066.6667	114166.6667
51066.6667	114550
51066.6667	116650
51083.3333	114083.3333
51083.3333	114166.6667
51083.3333	55783.3333
51083.3333	93833.3333
51100	106983.3333
51100	111583.3333
51100	115066.6667
51100	115350
51100	120016.6667
51100	121600
51100	92750
51100	96300
51116.6667	106600
51116.6667	112983.3333
51133.3333	100483.3333
51133.3333	112083.3333
51133.3333	117866.6667
51133.3333	56800
51133.3333	90266.6667
51133.3333	96200
51150	100050
51150	101750
51150	108750
51150	110200
51150	113333.3333
51150	116766.6667
51166.6667	100283.3333
51166.6667	100700
51166.6667	103500
51166.6667	105933.3333
51166.6667	114850
51166.6667	115566.6667
51166.6667	55700
51183.3333	120133.3333
51183.3333	56833.3333
51183.3333	90216.6667
51183.3333	98333.3333
51200	102100
51200	102800
51200	106866.6667
51200	108033.3333
51200	114450
51200	97566.6667
51216.6667	101150
51216.6667	101883.3333
51216.6667	102000
51216.6667	102250
51216.6667	102466.6667
51216.6667	109016.6667
51216.6667	109500
51216.6667	113650
51216.6667	114016.6667
51216.6667	116616.6667
51216.6667	92783.3333
51233.3333	101350
51233.3333	105433.3333
51233.3333	109166.6667
51233.3333	118950
51233.3333	58650
51250	80600
51266.6667	103733.3333
51266.6667	105966.6667
51266.6667	107016.6667
51266.6667	114016.6667
51266.6667	115916.6667
51266.6667	117516.6667
51266.6667	80650
51266.6667	92683.3333
51283.3333	111666.6667
51283.3333	112316.6667
51283.3333	56733.3333
51283.3333	98416.6667
51300	102433.3333
51300	112950
51300	116966.6667
51300	121400
51300	55616.6667
51316.6667	101433.3333
51316.6667	105000
51316.6667	107650
51316.6667	108750
51316.6667	113616.6667
51316.6667	127500
51316.6667	58016.6667
51316.6667	76900
51316.6667	98350
51316.6667	99500
51333.3333	107450
51333.3333	108150
51333.3333	112483.3333
51350	102200
51350	103233.3333
51350	110333.3333
51366.6667	106133.3333
51366.6667	109983.3333
51366.6667	56616.6667
51366.6667	99116.6667
51383.3333	110566.6667
51383.3333	113533.3333
51383.3333	55600
51383.3333	97483.3333
51383.3333	99600
51400	104533.3333
51400	104733.3333
51400	116483.3333
51400	56416.6667
51416.6667	105016.6667
51416.6667	106600
51416.6667	110800
51416.6667	111683.3333
51416.6667	112633.3333
51416.6667	57200
51416.6667	57616.6667
51416.6667	57816.6667
51433.3333	102916.6667
51433.3333	109450
51433.3333	109883.3333
51433.3333	114033.3333
51433.3333	116183.3333
51433.3333	117050
51433.3333	120200
51433.3333	55516.6667
51433.3333	57116.6667
51433.3333	98800
51450	102433.3333
51450	105450
51450	116300
51450	56950
51466.6667	108850
51466.6667	109133.3333
51466.6667	109600
51466.6667	112700
51466.6667	112966.6667
51466.6667	114383.3333
51466.6667	57716.6667
51466.6667	92350
51483.3333	106933.3333
51483.3333	107516.6667
51483.3333	108400
51483.3333	117483.3333
51483.3333	120700
51483.3333	78766.6667
51483.3333	90150
51500	106283.3333
51500	107050
51500	108250
51500	111683.3333
51500	113333.3333
51500	113500
51500	90050
51516.6667	100400
51516.6667	101800
51516.6667	105016.6667
51516.6667	107716.6667
51516.6667	117416.6667
51516.6667	127516.6667
51516.6667	55483.3333
51516.6667	56133.3333
51516.6667	56833.3333
51533.3333	107250
51533.3333	111200
51533.3333	114100
51550	102433.3333
51550	103966.6667
51550	105466.6667
51550	107983.3333
51550	114466.6667
51550	122316.6667
51550	127616.6667
51550	55733.3333
51550	87983.3333
51566.6667	101900
51566.6667	112750
51583.3333	103216.6667
51583.3333	111516.6667
51583.3333	112533.3333
51583.3333	120116.6667
51583.3333	122250
51600	55533.3333
51600	55633.3333
51600	55866.6667
51600	56716.6667
51600	98700
51616.6667	106433.3333
51616.6667	107750
51616.6667	109733.3333
51616.6667	85933.3333
51633.3333	102433.3333
51633.3333	105016.6667
51633.3333	108350
51633.3333	111916.6667
51633.3333	120033.3333
51633.3333	55900
51650	103533.3333
51650	113550
51650	120033.3333
51650	121283.3333
51650	124383.3333
51650	99916.6667
51666.6667	105466.6667
51666.6667	109983.3333
51666.6667	110666.6667
51666.6667	112233.3333
51666.6667	112766.6667
51666.6667	114133.3333
51666.6667	119516.6667
51666.6667	96833.3333
51683.3333	110250
51683.3333	127250
51700	102750
51700	107133.3333
51700	108483.3333
51700	109233.3333
51700	110800
51700	113266.6667
51700	114633.3333
51716.6667	123016.6667
51716.6667	91800
51733.3333	56416.6667
51733.3333	96916.6667
51750	104533.3333
51766.6667	104183.3333
51766.6667	105750
51766.6667	112000
51766.6667	120900
51766.6667	122300
51766.6667	98616.6667
51783.3333	100533.3333
51783.3333	104716.6667
51783.3333	111083.3333
51783.3333	114100
51783.3333	119316.6667
51800	106500
51800	107416.6667
51800	107850
51800	108833.3333
51800	113600
51800	68166.6667
51816.6667	114366.6667
51816.6667	94000
51833.3333	113233.3333
51850	102533.3333
51850	105033.3333
51850	109766.6667
51850	111616.6667
51850	112850
51866.6667	101916.6667
51866.6667	110016.6667
51866.6667	111983.3333
51866.6667	113600
51866.6667	121666.6667
51866.6667	127866.6667
51883.3333	107600
51883.3333	109950
51883.3333	74283.3333
51900	102350
51900	105450
51900	106066.6667
51916.6667	101550
51916.6667	107116.6667
51916.6667	109133.3333
51916.6667	110300
51916.6667	114033.3333
51916.6667	122100
51916.6667	123033.3333
51950	102666.6667
51950	103800
51950	105633.3333
51950	108616.6667
51950	99600
51966.6667	105866.6667
51966.6667	108366.6667
51966.6667	110566.6667
51966.6667	112150
51966.6667	122516.6667
51966.6667	124983.3333
51966.6667	79316.6667
52000	106983.3333
52016.6667	100150
52016.6667	104066.6667
52016.6667	106216.6667
52016.6667	107700
52016.6667	110800
52016.6667	111116.6667
52016.6667	55833.3333
52033.3333	107550
52033.3333	112750
52033.3333	113950
52050	105133.3333
52050	107550
52050	107983.3333
52050	108966.6667
52050	112350
52050	112466.6667
52050	122266.6667
52050	95483.3333
52066.6667	102650
52066.6667	103250
52066.6667	104250
52066.6667	107433.3333
52066.6667	108700
52083.3333	100800
52083.3333	101050
52083.3333	103833.3333
52083.3333	109433.3333
52083.3333	111450
52083.3333	114750
52083.3333	123283.3333
52100	101266.6667
52100	105750
52100	107000
52100	119300
52100	94300
52116.6667	105133.3333
52116.6667	106633.3333
52116.6667	107216.6667
52116.6667	108133.3333
52116.6667	113200
52116.6667	121933.3333
52116.6667	122150
52133.3333	104533.3333
52133.3333	106600
52133.3333	106666.6667
52133.3333	107050
52133.3333	108950
52133.3333	112750
52133.3333	113866.6667
52133.3333	123700
52150	110083.3333
52150	111733.3333
52150	128133.3333
52150	131083.3333
52166.6667	103516.6667
52166.6667	109516.6667
52166.6667	128133.3333
52183.3333	104833.3333
52200	100166.6667
52200	103800
52200	104983.3333
52200	105116.6667
52200	108450
52200	113233.3333
52216.6667	111900
52216.6667	112416.6667
52216.6667	55633.3333
52216.6667	87883.3333
52233.3333	109650
52233.3333	119216.6667
52233.3333	121800
52233.3333	55833.3333
52233.3333	78516.6667
52250	102666.6667
52250	107500
52250	81616.6667
52266.6667	105516.6667
52266.6667	108900
52266.6667	112733.3333
52266.6667	113800
52266.6667	121683.3333
52266.6667	55583.3333
52283.3333	105666.6667
52283.3333	112150
52300	108516.6667
52300	109366.6667
52300	112350
52300	114083.3333
52300	114283.3333
52300	121116.6667
52300	131216.6667
52300	55833.3333
52316.6667	106100
52316.6667	106283.3333
52316.6667	106566.6667
52333.3333	106783.3333
52333.3333	109950
52333.3333	112683.3333
52333.3333	113533.3333
52333.3333	121416.6667
52333.3333	122283.3333
52350	110116.6667
52350	110266.6667
52350	127700
52350	55683.3333
52366.6667	103833.3333
52366.6667	106966.6667
52366.6667	108216.6667
52366.6667	114916.6667
52366.6667	115066.6667
52366.6667	126100
52366.6667	126750
52366.6667	55650
52366.6667	97033.3333
52383.3333	101100
52383.3333	107666.6667
52383.3333	113800
52383.3333	114600
52383.3333	125816.6667
52383.3333	126566.6667
52400	102233.3333
52400	104983.3333
52400	109833.3333
52400	113183.3333
52416.6667	104500
52416.6667	108700
52416.6667	115283.3333
52433.3333	105283.3333
52433.3333	109166.6667
52433.3333	111783.3333
52433.3333	126233.3333
52450	108266.6667
52450	110833.3333
52450	112566.6667
52450	119133.3333
52450	122416.6667
52450	125300
52450	55666.6667
52450	55683.3333
52466.6667	102650
52466.6667	107400
52466.6667	113733.3333
52466.6667	114050
52466.6667	115783.3333
52466.6667	116083.3333
52483.3333	105716.6667
52483.3333	113450
52500	104900
52500	106416.6667
52500	109700
52516.6667	106016.6667
52516.6667	107533.3333
52516.6667	111916.6667
52533.3333	101066.6667
52533.3333	107883.3333
52533.3333	56300
52550	55733.3333
52550	55783.3333
52566.6667	107716.6667
52583.3333	101050
52583.3333	102966.6667
52583.3333	112066.6667
52583.3333	112566.6667
52583.3333	112966.6667
52583.3333	128533.3333
52583.3333	55883.3333
52583.3333	91533.3333
52600	103250
52600	108783.3333
52600	55766.6667
52600	78716.6667
52616.6667	100733.3333
52616.6667	103383.3333
52616.6667	103916.6667
52616.6667	106650
52616.6667	109500
52616.6667	121700
52616.6667	94066.6667
52633.3333	104883.3333
52633.3333	105450
52633.3333	111216.6667
52633.3333	114216.6667
52633.3333	119150
52633.3333	122450
52650	105733.3333
52650	106333.3333
52650	108016.6667
52650	109666.6667
52666.6667	102533.3333
52666.6667	104533.3333
52666.6667	112200
52683.3333	101100
52683.3333	110133.3333
52683.3333	111300
52683.3333	113566.6667
52683.3333	55866.6667
52700	107700
52716.6667	103633.3333
52716.6667	106583.3333
52716.6667	107350
52716.6667	131833.3333
52733.3333	105450
52733.3333	111550
52733.3333	55833.3333
52750	109016.6667
52750	110450
52750	114283.3333
52750	121416.6667
52750	82000
52766.6667	108283.3333
52766.6667	108300
52766.6667	112966.6667
52766.6667	90783.3333
52783.3333	105083.3333
52783.3333	105733.3333
52783.3333	105916.6667
52783.3333	107066.6667
52783.3333	111850
52783.3333	112450
52800	106216.6667
52800	107466.6667
52816.6667	101433.3333
52816.6667	106500
52833.3333	101850
52833.3333	106883.3333
52833.3333	109633.3333
52833.3333	110866.6667
52833.3333	113450
52833.3333	119250
52833.3333	93633.3333
52850	102200
52850	102383.3333
52850	103716.6667
52850	114366.6667
52850	131883.3333
52866.6667	102983.3333
52866.6667	103366.6667
52866.6667	104333.3333
52866.6667	104466.6667
52866.6667	104600
52866.6667	105400
52866.6667	105783.3333
52866.6667	108300
52866.6667	108450
52866.6667	109266.6667
52866.6667	112250
52866.6667	118266.6667
52866.6667	118550
52883.3333	118083.3333
52900	102483.3333
52900	104783.3333
52900	55850
52916.6667	105800
52916.6667	106400
52916.6667	111233.3333
52916.6667	66866.6667
52916.6667	82433.3333
52933.3333	106783.3333
52933.3333	107866.6667
52933.3333	110083.3333
52933.3333	117283.3333
52950	105033.3333
52950	89883.3333
52950	91333.3333
52966.6667	108383.3333
52966.6667	113383.3333
52966.6667	114433.3333
52966.6667	55800
52983.3333	103800
52983.3333	105433.3333
52983.3333	107583.3333
52983.3333	119516.6667
52983.3333	122483.3333
53000	104300
53000	105250
53000	113050
53000	123616.6667
53000	78816.6667
53016.6667	105800
53016.6667	106000
53016.6667	108950
53016.6667	112816.6667
53016.6667	119233.3333
53016.6667	119583.3333
53016.6667	55833.3333
53033.3333	110333.3333
53033.3333	116683.3333
53033.3333	117316.6667
53033.3333	121716.6667
53033.3333	128900
53033.3333	93233.3333
53050	122150
53066.6667	116783.3333
53066.6667	117400
53066.6667	119750
53066.6667	121516.6667
53083.3333	104466.6667
53083.3333	106066.6667
53083.3333	107666.6667
53083.3333	109300
53083.3333	111783.3333
53083.3333	113466.6667
53083.3333	117450
53116.6667	103650
53116.6667	104033.3333
53116.6667	109616.6667
53116.6667	109966.6667
53116.6667	114483.3333
53116.6667	119833.3333
53133.3333	107766.6667
53150	103466.6667
53150	128683.3333
53166.6667	112616.6667
53166.6667	117100
53166.6667	99283.3333
53183.3333	108766.6667
53183.3333	110783.3333
53183.3333	113516.6667
53183.3333	117016.6667
53183.3333	122516.6667
53200	103800
53200	105750
53200	113050
53200	114183.3333
53200	117916.6667
53200	131983.3333
53200	70916.6667
53216.6667	106066.6667
53216.6667	106400
53216.6667	108000
53216.6667	112566.6667
53216.6667	114983.3333
53233.3333	112233.3333
53233.3333	55716.6667
53250	108000
53250	113783.3333
53250	131833.3333
53250	132000
53250	132083.3333
53266.6667	106700
53266.6667	113533.3333
53266.6667	55733.3333
53266.6667	93566.6667
53283.3333	103583.3333
53283.3333	104016.6667
53283.3333	110000
53300	106966.6667
53300	107050
53300	108083.3333
53300	120166.6667
53300	55950
53300	60300
53333.3333	110333.3333
53333.3333	111166.6667
53333.3333	113533.3333
53333.3333	131950
53333.3333	60416.6667
53350	107333.3333
53350	108350
53350	110850
53350	113250
53350	122533.3333
53366.6667	104016.6667
53366.6667	106600
53366.6667	107516.6667
53366.6667	107816.6667
53366.6667	108050
53366.6667	112666.6667
53366.6667	113733.3333
53366.6667	117700
53383.3333	108966.6667
53400	105616.6667
53400	117583.3333
53400	122566.6667
53400	131916.6667
53400	55783.3333
53416.6667	105533.3333
53416.6667	111683.3333
53416.6667	116683.3333
53433.3333	106733.3333
53433.3333	109700
53433.3333	113333.3333
53433.3333	117533.3333
53433.3333	129266.6667
53450	104083.3333
53450	105366.6667
53450	108700
53450	123216.6667
53466.6667	105116.6667
53466.6667	111866.6667
53466.6667	112950
53466.6667	55766.6667
53483.3333	104333.3333
53483.3333	104666.6667
53483.3333	104983.3333
53483.3333	55900
53500	105566.6667
53500	112050
53500	55783.3333
53516.6667	106866.6667
53516.6667	107133.3333
53516.6667	110333.3333
53516.6667	113316.6667
53516.6667	114333.3333
53516.6667	114966.6667
53516.6667	122633.3333
53533.3333	106316.6667
53533.3333	109450
53533.3333	113916.6667
53533.3333	114000
53533.3333	117016.6667
53533.3333	120583.3333
53533.3333	60150
53550	103416.6667
53550	107866.6667
53550	113133.3333
53550	113500
53550	116633.3333
53550	116766.6667
53550	117216.6667
53566.6667	113400
53566.6667	114716.6667
53583.3333	109616.6667
53583.3333	110716.6667
53583.3333	113166.6667
53583.3333	116416.6667
53583.3333	131933.3333
53600	107383.3333
53600	112333.3333
53600	120716.6667
53616.6667	115250
53616.6667	115450
53616.6667	57433.3333
53633.3333	107550
53633.3333	109200
53633.3333	113633.3333
53650	106983.3333
53650	115583.3333
53650	57050
53666.6667	111233.3333
53666.6667	113483.3333
53666.6667	115983.3333
53666.6667	116166.6667
53666.6667	122650
53683.3333	107700
53683.3333	125833.3333
53683.3333	132166.6667
53700	100300
53700	112633.3333
53700	114100
53700	114183.3333
53700	57016.6667
53700	97883.3333
53716.6667	110000
53716.6667	111750
53716.6667	113083.3333
53716.6667	113200
53716.6667	113483.3333
53733.3333	56800
53733.3333	93666.6667
53750	106966.6667
53750	112433.3333
53750	112783.3333
53750	113533.3333
53766.6667	110516.6667
53766.6667	121066.6667
53766.6667	123050
53783.3333	107750
53783.3333	111683.3333
53783.3333	126033.3333
53783.3333	77616.6667
53800	112916.6667
53800	113650
53800	126166.6667
53800	57016.6667
53816.6667	101233.3333
53816.6667	114666.6667
53816.6667	122866.6667
53816.6667	57133.3333
53816.6667	89883.3333
53833.3333	107033.3333
53833.3333	112116.6667
53833.3333	113416.6667
53833.3333	121266.6667
53833.3333	126283.3333
53833.3333	79016.6667
53850	132116.6667
53866.6667	123083.3333
53866.6667	123900
53866.6667	56900
53866.6667	57000
53883.3333	110666.6667
53883.3333	112333.3333
53883.3333	114900
53883.3333	124566.6667
53900	110900
53916.6667	106083.3333
53916.6667	115033.3333
53916.6667	122766.6667
53916.6667	124166.6667
53933.3333	121466.6667
53933.3333	90983.3333
53950	102266.6667
53950	113633.3333
53950	113900
53950	123266.6667
53950	125883.3333
53950	130250
53966.6667	126516.6667
53966.6667	128650
53966.6667	94766.6667
53966.6667	97833.3333
53983.3333	111283.3333
53983.3333	121616.6667
53983.3333	123600
53983.3333	124966.6667
53983.3333	126066.6667
53983.3333	126433.3333
54000	128700
54004.7222	112405
54006.3889	108906.6667
54006.9444	112332.7778
54007.2222	112678.8889
54016.6667	115233.3333
54016.6667	124016.6667
54016.6667	124283.3333
54016.6667	125766.6667
54016.6667	130600
54016.6667	132150
54016.6667	76533.3333
54025.2778	109160.5556
54033.3333	113116.6667
54033.3333	114133.3333
54033.3333	126150
54035.2778	108733.3333
54035.5556	109475
54036.6667	112555.2778
54036.9444	111860
54050	105783.3333
54050	124533.3333
54050	124783.3333
54059.4444	112945.2778
54066.6667	113650
54066.6667	130100
54066.6667	130450
54066.6667	131783.3333
54069.1667	111436.1111
54078.3333	108253.3333
54083.3333	114233.3333
54083.3333	122483.3333
54083.3333	122683.3333
54083.3333	125016.6667
54093.0556	112786.6667
54093.3333	112618.6111
54100	102816.6667
54100	123016.6667
54100	125166.6667
54100	125716.6667
54113.0556	112473.6111
54116.1111	111919.4444
54116.6667	114400
54116.6667	115383.3333
54116.6667	122066.6667
54116.6667	122216.6667
54122.2222	109026.3889
54124.7222	110591.3889
54129.7222	108434.7222
54129.7222	111568.0556
54130.2778	111151.6667
54133.3333	115683.3333
54133.3333	130166.6667
54133.3333	57416.6667
54141.1111	110754.1667
54141.9444	111727.7778
54143.0556	112151.1111
54143.8889	112275.8333
54150	113116.6667
54150	113866.6667
54150	114233.3333
54150	129950
54150.5556	108809.7222
54152.7778	111430
54153.3333	111276.3889
54166.6667	125483.3333
54166.6667	58433.3333
54180.2778	108628.0556
54180.8333	112626.9444
54181.3889	111027.5
54181.3889	111151.3889
54181.3889	112927.2222
54181.6667	112800.5556
54182.2222	110903.0556
54182.5	109776.3889
54183.3333	130016.6667
54200	125083.3333
54203.6111	110306.6667
54211.6667	110603.3333
54211.9444	111366.1111
54216.3889	108051.9444
54216.6667	100600
54216.6667	125766.6667
54216.6667	58133.3333
54229.7222	110862.7778
54233.3333	113016.6667
54233.3333	130283.3333
54238.6111	112776.6667
54240.5556	110804.1667
54240.5556	111255.8333
54250	129833.3333
54251.1111	111151.3889
54266.6667	107783.3333
54266.6667	113866.6667
54267.7778	110750.8333
54269.4444	111029.1667
54283.3333	101816.6667
54283.3333	122633.3333
54283.3333	125833.3333
54284.1667	110649.4444
54296.9444	109227.2222
54296.9444	111803.8889
54298.6111	111452.7778
54300	113483.3333
54313.0556	110603.8889
54316.6667	130333.3333
54326.3889	109100.2778
54329.4444	112953.0556
54332.2222	110477.2222
54333.3333	114766.6667
54333.3333	130450
54340.2778	109776.9444
54347.5	109226.6667
54350	113916.6667
54350	125916.6667
54355	110080
54355.2778	108628.3333
54355.5556	109652.2222
54356.6667	111576.9444
54356.6667	111713.8889
54361.9444	110205.8333
54366.6667	128550
54366.6667	82533.3333
54370	110270.8333
54385.5556	111352.2222
54395.5556	110653.8889
54399.7222	109226.1111
54400	126033.3333
54400	126650
54400	129100
54400	79450
54416.6667	110215.2778
54416.6667	110266.6667
54416.6667	126200
54426.1111	112923.6111
54427.5	112954.7222
54428.8889	110635.2778
54433.3333	124250
54433.3333	126750
54443.6111	110911.9444
54443.8889	110761.6667
54445.2778	112098.0556
54450	113983.3333
54450	57216.6667
54465	110183.0556
54466.6667	113383.3333
54466.6667	57250
54468.8889	111617.7778
54472.7778	111773.8889
54483.3333	125666.6667
54487.2222	111491.6667
54500	128583.3333
54501.1111	110558.3333
54503.6111	112900.8333
54509.1667	111618.0556
54516.6667	125183.3333
54516.6667	126300
54516.6667	126433.3333
54516.6667	126850
54533.3333	110983.3333
54533.3333	114083.3333
54533.3333	128483.3333
54550	130416.6667
54566.6667	124483.3333
54566.6667	57266.6667
54580.5556	111731.6667
54583.3333	101383.3333
54583.3333	113316.6667
54590.8333	112809.1667
54595.2778	112701.9444
54595.8333	111921.1111
54600	125083.3333
54616.6667	97783.3333
54631.6667	112511.6667
54633.3333	128433.3333
54639.4444	111346.3889
54650	124766.6667
54653.6111	112363.3333
54666.6667	101783.3333
54666.6667	102083.3333
54666.6667	107116.6667
54666.6667	94133.3333
54679.1667	112215.2778
54683.3333	114150
54698.0556	112147.2222
54716.6667	113266.6667
54733.3333	112930.8333
54748.0556	112804.1667
54750	101850
54754.4444	112601.9444
54759.7222	111912.5
54762.5	112688.3333
54766.6667	101883.3333
54766.6667	127166.6667
54766.6667	128283.3333
54771.9444	111964.7222
54783.3333	99783.3333
54799.1667	112573.3333
54800	66816.6667
54816.6667	126133.3333
54816.6667	128766.6667
54816.6667	66883.3333
54819.4444	112548.0556
54820.5556	112685.8333
54820.5556	112878.6111
54833.3333	98250
54848.6111	112343.8889
54850	128333.3333
54864.1667	112802.5
54866.6667	125133.3333
54879.7222	112522.5
54883.3333	127266.6667
54885.8333	111791.1111
54887.2222	111886.6667
54916.6667	114166.6667
54916.6667	98633.3333
54933.3333	129933.3333
54950	127316.6667
54950	95266.6667
54966.6667	130000
54995	111735.8333
55000	123033.3333
55000	129950
55016.6667	128333.3333
55033.3333	127333.3333
55037.7778	112279.7222
55050	126316.6667
55066.6667	103066.6667
55066.6667	114033.3333
55066.6667	117283.3333
55066.6667	128200
55066.6667	59600
55081.9444	112496.6667
55083.3333	59183.3333
55091.6667	112887.7778
55097.2222	108343.3333
55098.0556	108323.3333
55100	105300
55100	127366.6667
55100	128066.6667
55116.6667	101083.3333
55141.1111	112493.6111
55148.6111	108126.9444
55150	107616.6667
55150	119150
55150	127383.3333
55150	127750
55166.6667	102950
55166.6667	114033.3333
55166.6667	118800
55167.5	108153.3333
55175.5556	111623.3333
55183.3333	59216.6667
55200	119450
55200	129216.6667
55201.3889	112466.3889
55233.3333	114266.6667
55233.3333	127483.3333
55250	113200
55250	127583.3333
55250	127666.6667
55250	129083.3333
55250	85200
55266.6667	118800
55266.6667	119500
55266.6667	77783.3333
55283.3333	114783.3333
55316.6667	115716.6667
55316.6667	119566.6667
55316.6667	126616.6667
55316.6667	97700
55333.3333	115416.6667
55350	114983.3333
55350	115766.6667
55350	118783.3333
55350	119783.3333
55350	127683.3333
55366.6667	115933.3333
55416.6667	104550
55416.6667	117316.6667
55416.6667	129833.3333
55433.3333	107900
55433.3333	116483.3333
55433.3333	118700
55450	119900
55450	129483.3333
55450	60216.6667
55483.3333	125983.3333
55533.3333	102333.3333
55534.7222	111196.6667
55583.3333	97150
55600	118766.6667
55600	120550
55616.6667	116833.3333
55632.5	111082.7778
55666.6667	124500
55700	116900
55700	121616.6667
55700	127566.6667
55716.6667	117616.6667
55716.6667	120133.3333
55716.6667	121183.3333
55733.3333	101316.6667
55733.3333	117116.6667
55750	103166.6667
55750	117333.3333
55750	118233.3333
55750	97866.6667
55755.8333	111041.3889
55766.6667	118716.6667
55766.6667	120233.3333
55766.6667	125950
55766.6667	96700
55783.3333	106216.6667
55783.3333	117533.3333
55783.3333	117900
55783.3333	118833.3333
55783.3333	120916.6667
55783.3333	124700
55799.7222	112638.8889
55800	117683.3333
55800	98850
55816.6667	100383.3333
55833.3333	121733.3333
55846.1111	110907.2222
55850	120783.3333
55850	60866.6667
55850	92083.3333
55854.1667	108484.1667
55866.6667	117366.6667
55882.2222	108951.6667
55900	120133.3333
55916.6667	115650
55927.5	108938.8889
55933.3333	116916.6667
55933.3333	127883.3333
55933.3333	130000
55983.3333	123833.3333
55983.3333	87650
55988.0556	109095.5556
56016.6667	120083.3333
56016.6667	120616.6667
56033.3333	117116.6667
56033.3333	121916.6667
56050	118516.6667
56050	130016.6667
56066.6667	118250
56066.6667	118400
56066.6667	120083.3333
56066.6667	95633.3333
56083.3333	122750
56100	116833.3333
56100	118083.3333
56100	118683.3333
56100	120116.6667
56116.6667	117900
56116.6667	118850
56133.3333	117316.6667
56133.3333	118500
56150	117750
56150	120666.6667
56166.6667	120016.6667
56183.3333	117600
56183.3333	119950
56183.3333	120533.3333
56183.3333	121583.3333
56200	117416.6667
56200	126850
56200	78866.6667
56216.6667	118833.3333
56216.6667	120683.3333
56216.6667	121433.3333
56233.3333	100566.6667
56233.3333	117283.3333
56233.3333	117966.6667
56233.3333	118600
56250	117150
56250	120833.3333
56250	96100
56266.6667	117816.6667
56266.6667	120950
56283.3333	121233.3333
56300	117333.3333
56300	120533.3333
56333.3333	103233.3333
56350	94700
56366.6667	117066.6667
56433.3333	117600
56433.3333	120783.3333
56450	120916.6667
56483.3333	109433.3333
56483.3333	109633.3333
56500	119200
56516.6667	119066.6667
56516.6667	120783.3333
56533.3333	117666.6667
56533.3333	117883.3333
56533.3333	121000
56533.3333	79233.3333
56550	61683.3333
56583.3333	119500
56600	124633.3333
56683.3333	131816.6667
56700	111316.6667
56700	117650
56733.3333	111383.3333
56733.3333	117516.6667
56783.3333	98933.3333
56816.6667	94083.3333
56833.3333	131766.6667
56850	101050
56850	117633.3333
56883.3333	126500
56883.3333	68983.3333
56983.3333	107283.3333
56983.3333	117633.3333
57000	92283.3333
57066.6667	117550
57066.6667	92583.3333
57133.3333	121300
57183.3333	111616.6667
57200	94166.6667
57366.6667	106833.3333
57383.3333	111633.3333
57416.6667	125616.6667
57433.3333	127550
57466.6667	61833.3333
57616.6667	131683.3333
57650	128200
57666.6667	131583.3333
57800	117866.6667
57833.3333	131400
57883.3333	101666.6667
57900	131150
57933.3333	94200
58050	103550
58083.3333	67683.3333
58100	68400
58200	62633.3333
58266.6667	131800
58283.3333	121716.6667
58366.6667	114850
58383.3333	115116.6667
58400	114750
58400	116000
58400	116033.3333
58450	111500
58450	130033.3333
58450	78150
58516.6667	117133.3333
58533.3333	65883.3333
58633.3333	133533.3333
58700	130100
58716.6667	111150
58766.6667	69116.6667
58766.6667	94166.6667
58800	122666.6667
58800	130100
58816.6667	118750
58816.6667	122533.3333
58866.6667	63250
58883.3333	131750
58900	130433.3333
58900	133133.3333
59033.3333	117683.3333
59033.3333	122433.3333
59066.6667	63883.3333
59150	127616.6667
59183.3333	129233.3333
59200	132800
59266.6667	105833.3333
59266.6667	129416.6667
59316.6667	107183.3333
59333.3333	133616.6667
59383.3333	101333.3333
59383.3333	124866.6667
59416.6667	134466.6667
59416.6667	97750
59450	108483.3333
59483.3333	124016.6667
59500	134250
59533.3333	132083.3333
59550	108500
59550	126483.3333
59566.6667	108616.6667
59583.3333	133716.6667
59600	133816.6667
59600	134300
59616.6667	109216.6667
59616.6667	133416.6667
59616.6667	135116.6667
59633.3333	133850
59650	134666.6667
59716.6667	135050
59850	134983.3333
59866.6667	111600
59916.6667	128500
59916.6667	133116.6667
59916.6667	94816.6667
59966.6667	134900
59983.3333	137116.6667
60000	111883.3333
60016.6667	112100
60016.6667	70033.3333
60033.3333	112133.3333
60033.3333	77283.3333
60066.6667	128700
60066.6667	134583.3333
60083.3333	130600
60083.3333	134833.3333
60100	112233.3333
60116.6667	128800
60133.3333	137016.6667
60166.6667	132700
60183.3333	134716.6667
60233.3333	123483.3333
60266.6667	134283.3333
60300	134266.6667
60300	137000
60366.6667	137050
60383.3333	134833.3333
60416.6667	64816.6667
60433.3333	121250
60450	134850
60483.3333	133283.3333
60516.6667	134916.6667
60533.3333	134550
60550	116133.3333
60633.3333	134983.3333
60650	135000
60716.6667	135050
60733.3333	78483.3333
60750	137500
60766.6667	136016.6667
60783.3333	69833.3333
60800	136483.3333
60816.6667	137683.3333
60833.3333	114466.6667
60850	115700
60850	135516.6667
60866.6667	137033.3333
60883.3333	111083.3333
60883.3333	115033.3333
60933.3333	117416.6667
60933.3333	135083.3333
61016.6667	135783.3333
61033.3333	138383.3333
61033.3333	69616.6667
61050	123366.6667
61083.3333	137916.6667
61116.6667	112583.3333
61116.6667	94050
61133.3333	100883.3333
61150	136533.3333
61166.6667	113683.3333
61250	134616.6667
61250	135983.3333
61250	138800
61266.6667	129283.3333
61300	118666.6667
61333.3333	134350
61350	139000
61366.6667	117650
61383.3333	112750
61400	135216.6667
61433.3333	134633.3333
61516.6667	120633.3333
61516.6667	135833.3333
61566.6667	137500
61583.3333	134916.6667
61600	71950
61783.3333	136050
61816.6667	140783.3333
61850	121333.3333
61866.6667	134933.3333
61933.3333	96650
61950	128266.6667
61983.3333	132450
62050	135683.3333
62100	136316.6667
62183.3333	92600
62200	75633.3333
62333.3333	136483.3333
62383.3333	140366.6667
62400	110733.3333
62416.6667	77900
62450	114350
62533.3333	77383.3333
62583.3333	136833.3333
62616.6667	113466.6667
62683.3333	140083.3333
62700	109133.3333
62766.6667	137383.3333
62783.3333	116033.3333
62783.3333	138283.3333
62816.6667	92083.3333
62833.3333	116050
62833.3333	136583.3333
62850	69883.3333
62966.6667	64500
62983.3333	113200
63066.6667	139483.3333
63116.6667	77933.3333
63133.3333	117266.6667
63200	138816.6667
63266.6667	123600
63316.6667	139416.6667
63333.3333	90700
63483.3333	138833.3333
63566.6667	137450
63566.6667	139733.3333
63600	135916.6667
63633.3333	135450
63666.6667	138616.6667
63700	135866.6667
63716.6667	68450
63733.3333	133650
63733.3333	137650
63733.3333	68500
63766.6667	139100
63783.3333	137300
63816.6667	138666.6667
63900	135300
63916.6667	135483.3333
63950	135266.6667
64016.6667	139100
64016.6667	140833.3333
64033.3333	139433.3333
64033.3333	72650
64066.6667	139416.6667
64066.6667	139450
64100	139433.3333
64133.3333	83166.6667
64183.3333	114183.3333
64233.3333	76550
64316.6667	96016.6667
64450	140550
64483.3333	113166.6667
64683.3333	140983.3333
64900	125583.3333
65133.3333	77633.3333
65183.3333	123416.6667
65233.3333	127083.3333
65283.3333	126850
65916.6667	139616.6667
65933.3333	90816.6667
66050	117883.3333
66083.3333	118033.3333
66133.3333	65750
66266.6667	128633.3333
66266.6667	67150
66500	133066.6667
66516.6667	86233.3333
66533.3333	86716.6667
66566.6667	71300
66666.6667	61366.6667
66833.3333	108033.3333
67033.3333	126116.6667
67416.6667	140983.3333
67433.3333	133750
67433.3333	134866.6667
67533.3333	63750
67550	64033.3333
67566.6667	139800
67783.3333	102366.6667
67833.3333	115083.3333
67950	64916.6667
68033.3333	103433.3333
68216.6667	135000
68350	133700
68533.3333	89816.6667
68616.6667	71133.3333
68633.3333	95916.6667
68700	134116.6667
68766.6667	81200
68783.3333	114783.3333
69000	134666.6667
69000	137366.6667
69116.6667	105033.3333
69200	114533.3333
69350	133716.6667
69383.3333	123983.3333
69400	81800
69450	133066.6667
69533.3333	93533.3333
69566.6667	138900
69733.3333	128950
69750	128866.6667
69850	124433.3333
70166.6667	124666.6667
70450	68566.6667
70733.3333	117750
70950	84833.3333
71333.3333	84950
71616.6667	117950
71983.3333	125200
72016.6667	94250
72700	78000
73033.3333	85166.6667
74516.6667	82400
74683.3333	94900
76200	81016.6667
76233.3333	119333.3333
76416.6667	82950
78783.3333	103533.3333
80216.6667	86183.3333
81716.6667	64716.6667
82483.3333	62250
